country:276
6115,3b30300,00,23,00,00
6135,3d50301,00,23,00,00
6155,3b30300,00,23,00,00
6175,3d50300,00,23,00,00
6195,3b30300,00,23,00,00
6215,3d50301,00,23,00,00
6235,3b30300,00,23,00,00
6255,3d50300,00,23,00,00
6275,3b30300,00,23,00,00
6295,3d50301,00,23,00,00
6315,3b30300,00,23,00,00
6335,3d50300,00,23,00,00
6355,3b30300,00,23,00,00
6375,3d50301,00,23,00,00
6395,3b30300,00,23,00,00
6415,3d50300,00,23,00,00
country:841
6115,3b30300,00,23,00,00
6135,3d50301,00,23,00,00
6155,3b30300,00,23,00,00
6175,3d50300,00,23,00,00
6195,3b30300,00,23,00,00
6215,3d50301,00,23,00,00
6235,3b30300,00,23,00,00
6255,3d50300,00,23,00,00
6275,3b30300,00,23,00,00
6295,3d50301,00,23,00,00
6315,3b30300,00,23,00,00
6335,3d50300,00,23,00,00
6355,3b30300,00,23,00,00
6375,3d50301,00,23,00,00
6395,3b30300,00,23,00,00
6415,3d50300,00,23,00,00
6435,3b30300,00,23,00,00
6455,3d50301,00,23,00,00
6475,3b30300,00,23,00,00
6495,3d50300,00,23,00,00
6515,3b30300,00,23,00,00
6535,3d50301,00,23,00,00
6555,3b30300,00,23,00,00
6575,3d50300,00,23,00,00
6595,3b30300,00,23,00,00
6615,3d50301,00,23,00,00
6635,3b30300,00,23,00,00
6655,3d50300,00,23,00,00
6675,3b30300,00,23,00,00
6695,3d50301,00,23,00,00
6715,3b30300,00,23,00,00
6735,3d50300,00,23,00,00
6755,3b30300,00,23,00,00
6775,3d50301,00,23,00,00
6795,3b30300,00,23,00,00
6815,3d50300,00,23,00,00
6835,3b30300,00,23,00,00
6855,3d50301,00,23,00,00
6875,3b30300,00,23,00,00
6895,3d50300,00,23,00,00
6915,3b30300,00,23,00,00
6935,3d50301,00,23,00,00
6955,3b30300,00,23,00,00
6975,3d50300,00,23,00,00
6995,3b30300,00,23,00,00
7015,3d50301,00,23,00,00
7035,3b30300,00,23,00,00
7055,3d50300,00,23,00,00
7075,330300,00,23,00,00
7095,550301,00,23,00,00
7115,110300,00,23,00,00
