country:8
2412,300e0,00,20,20,20
2417,300e0,00,20,20,20
2422,300e0,00,20,20,20
2427,300e0,00,20,20,20
2432,700e0,00,20,20,20
2437,700e0,00,20,20,20
2442,700e0,00,20,20,20
2447,700e0,00,20,20,20
2452,700e0,00,20,20,20
2457,500e0,00,20,20,20
2462,500e0,00,20,20,20
2467,500e0,00,20,20,20
2472,500e0,00,20,20,20
country:12
2412,300e0,00,20,20,20
2417,300e0,00,20,20,20
2422,300e0,00,20,20,20
2427,300e0,00,20,20,20
2432,700e0,00,20,20,20
2437,700e0,00,20,20,20
2442,700e0,00,20,20,20
2447,700e0,00,20,20,20
2452,700e0,00,20,20,20
2457,500e0,00,20,20,20
2462,500e0,00,20,20,20
2467,500e0,00,20,20,20
2472,500e0,00,20,20,20
country:32
2412,300e0,00,20,20,20
2417,300e0,00,20,20,20
2422,300e0,00,20,20,20
2427,300e0,00,20,20,20
2432,700e0,00,20,20,20
2437,700e0,00,20,20,20
2442,700e0,00,20,20,20
2447,700e0,00,20,20,20
2452,700e0,00,20,20,20
2457,500e0,00,20,20,20
2462,500e0,00,20,20,20
2467,500e0,00,20,20,20
2472,500e0,00,20,20,20
country:51
2412,300e0,00,20,20,20
2417,300e0,00,20,20,20
2422,300e0,00,20,20,20
2427,300e0,00,20,20,20
2432,700e0,00,20,20,20
2437,700e0,00,20,20,20
2442,700e0,00,20,20,20
2447,700e0,00,20,20,20
2452,700e0,00,20,20,20
2457,500e0,00,20,20,20
2462,500e0,00,20,20,20
2467,500e0,00,20,20,20
2472,500e0,00,20,20,20
country:36
2412,300e0,00,20,20,20
2417,300e0,00,20,20,20
2422,300e0,00,20,20,20
2427,300e0,00,20,20,20
2432,700e0,00,20,20,20
2437,700e0,00,20,20,20
2442,700e0,00,20,20,20
2447,700e0,00,20,20,20
2452,700e0,00,20,20,20
2457,500e0,00,20,20,20
2462,500e0,00,20,20,20
2467,500e0,00,20,20,20
2472,500e0,00,20,20,20
country:40
2412,300e0,00,20,20,20
2417,300e0,00,20,20,20
2422,300e0,00,20,20,20
2427,300e0,00,20,20,20
2432,700e0,00,20,20,20
2437,700e0,00,20,20,20
2442,700e0,00,20,20,20
2447,700e0,00,20,20,20
2452,700e0,00,20,20,20
2457,500e0,00,20,20,20
2462,500e0,00,20,20,20
2467,500e0,00,20,20,20
2472,500e0,00,20,20,20
country:31
2412,300e0,00,20,20,20
2417,300e0,00,20,20,20
2422,300e0,00,20,20,20
2427,300e0,00,20,20,20
2432,700e0,00,20,20,20
2437,700e0,00,20,20,20
2442,700e0,00,20,20,20
2447,700e0,00,20,20,20
2452,700e0,00,20,20,20
2457,500e0,00,20,20,20
2462,500e0,00,20,20,20
2467,500e0,00,20,20,20
2472,500e0,00,20,20,20
country:44
2412,300e0,00,20,20,20
2417,300e0,00,20,20,20
2422,300e0,00,20,20,20
2427,300e0,00,20,20,20
2432,700e0,00,20,20,20
2437,700e0,00,20,20,20
2442,700e0,00,20,20,20
2447,700e0,00,20,20,20
2452,700e0,00,20,20,20
2457,500e0,00,20,20,20
2462,500e0,00,20,20,20
2467,500e0,00,20,20,20
2472,500e0,00,20,20,20
country:48
2412,300e0,00,20,20,20
2417,300e0,00,20,20,20
2422,300e0,00,20,20,20
2427,300e0,00,20,20,20
2432,700e0,00,20,20,20
2437,700e0,00,20,20,20
2442,700e0,00,20,20,20
2447,700e0,00,20,20,20
2452,700e0,00,20,20,20
2457,500e0,00,20,20,20
2462,500e0,00,20,20,20
2467,500e0,00,20,20,20
2472,500e0,00,20,20,20
country:50
2412,300e0,00,20,20,20
2417,300e0,00,20,20,20
2422,300e0,00,20,20,20
2427,300e0,00,20,20,20
2432,700e0,00,20,20,20
2437,700e0,00,20,20,20
2442,700e0,00,20,20,20
2447,700e0,00,20,20,20
2452,700e0,00,20,20,20
2457,500e0,00,20,20,20
2462,500e0,00,20,20,20
2467,500e0,00,20,20,20
2472,500e0,00,20,20,20
country:52
2412,300e0,00,20,20,20
2417,300e0,00,20,20,20
2422,300e0,00,20,20,20
2427,300e0,00,20,20,20
2432,700e0,00,20,20,20
2437,700e0,00,20,20,20
2442,700e0,00,20,20,20
2447,700e0,00,20,20,20
2452,700e0,00,20,20,20
2457,500e0,00,20,20,20
2462,500e0,00,20,20,20
2467,500e0,00,20,20,20
2472,500e0,00,20,20,20
country:112
2412,300e0,00,20,20,20
2417,300e0,00,20,20,20
2422,300e0,00,20,20,20
2427,300e0,00,20,20,20
2432,700e0,00,20,20,20
2437,700e0,00,20,20,20
2442,700e0,00,20,20,20
2447,700e0,00,20,20,20
2452,700e0,00,20,20,20
2457,500e0,00,20,20,20
2462,500e0,00,20,20,20
2467,500e0,00,20,20,20
2472,500e0,00,20,20,20
country:56
2412,300e0,00,20,20,20
2417,300e0,00,20,20,20
2422,300e0,00,20,20,20
2427,300e0,00,20,20,20
2432,700e0,00,20,20,20
2437,700e0,00,20,20,20
2442,700e0,00,20,20,20
2447,700e0,00,20,20,20
2452,700e0,00,20,20,20
2457,500e0,00,20,20,20
2462,500e0,00,20,20,20
2467,500e0,00,20,20,20
2472,500e0,00,20,20,20
country:84
2412,300e0,00,26,29,29
2417,300e0,00,26,30,30
2422,300e0,00,26,29,29
2427,300e0,00,26,30,30
2432,700e0,00,26,29,29
2437,700e0,00,26,30,30
2442,700e0,00,26,29,29
2447,700e0,00,26,30,30
2452,700e0,00,26,29,29
2457,500e0,00,26,30,30
2462,500e0,00,26,29,29
2467,500e0,00,26,30,30
2472,500e0,00,26,29,29
country:60
2412,300e0,00,26,30,30
2417,300e0,00,26,29,29
2422,300e0,00,26,30,30
2427,300e0,00,26,29,29
2432,700e0,00,26,30,30
2437,700e0,00,26,29,29
2442,700e0,00,26,30,30
2447,500e0,00,26,29,29
2452,500e0,00,26,30,30
2457,500e0,00,26,29,29
2462,500e0,00,26,30,30
country:68
2412,300e0,00,26,29,29
2417,300e0,00,26,30,30
2422,300e0,00,26,29,29
2427,300e0,00,26,30,30
2432,700e0,00,26,29,29
2437,700e0,00,26,30,30
2442,700e0,00,26,29,29
2447,700e0,00,26,30,30
2452,700e0,00,26,29,29
2457,500e0,00,26,30,30
2462,500e0,00,26,29,29
2467,500e0,00,26,30,30
2472,500e0,00,26,29,29
country:70
2412,300e0,00,20,20,20
2417,300e0,00,20,20,20
2422,300e0,00,20,20,20
2427,300e0,00,20,20,20
2432,700e0,00,20,20,20
2437,700e0,00,20,20,20
2442,700e0,00,20,20,20
2447,700e0,00,20,20,20
2452,700e0,00,20,20,20
2457,500e0,00,20,20,20
2462,500e0,00,20,20,20
2467,500e0,00,20,20,20
2472,500e0,00,20,20,20
country:76
2412,300e0,00,20,20,20
2417,300e0,00,20,20,20
2422,300e0,00,20,20,20
2427,300e0,00,20,20,20
2432,700e0,00,20,20,20
2437,700e0,00,20,20,20
2442,700e0,00,20,20,20
2447,700e0,00,20,20,20
2452,700e0,00,20,20,20
2457,500e0,00,20,20,20
2462,500e0,00,20,20,20
2467,500e0,00,20,20,20
2472,500e0,00,20,20,20
country:96
2412,300e0,00,20,20,20
2417,300e0,00,20,20,20
2422,300e0,00,20,20,20
2427,300e0,00,20,20,20
2432,700e0,00,20,20,20
2437,700e0,00,20,20,20
2442,700e0,00,20,20,20
2447,700e0,00,20,20,20
2452,700e0,00,20,20,20
2457,500e0,00,20,20,20
2462,500e0,00,20,20,20
2467,500e0,00,20,20,20
2472,500e0,00,20,20,20
country:100
2412,300e0,00,20,20,20
2417,300e0,00,20,20,20
2422,300e0,00,20,20,20
2427,300e0,00,20,20,20
2432,700e0,00,20,20,20
2437,700e0,00,20,20,20
2442,700e0,00,20,20,20
2447,700e0,00,20,20,20
2452,700e0,00,20,20,20
2457,500e0,00,20,20,20
2462,500e0,00,20,20,20
2467,500e0,00,20,20,20
2472,500e0,00,20,20,20
country:116
2412,300e0,00,20,20,20
2417,300e0,00,20,20,20
2422,300e0,00,20,20,20
2427,300e0,00,20,20,20
2432,700e0,00,20,20,20
2437,700e0,00,20,20,20
2442,700e0,00,20,20,20
2447,700e0,00,20,20,20
2452,700e0,00,20,20,20
2457,500e0,00,20,20,20
2462,500e0,00,20,20,20
2467,500e0,00,20,20,20
2472,500e0,00,20,20,20
country:124
2412,300e0,00,26,29,29
2417,300e0,00,26,30,30
2422,300e0,00,26,29,29
2427,300e0,00,26,30,30
2432,700e0,00,26,29,29
2437,700e0,00,26,30,30
2442,700e0,00,26,29,29
2447,500e0,00,26,30,30
2452,500e0,00,26,29,29
2457,500e0,00,26,30,30
2462,500e0,00,26,29,29
country:152
2412,300e0,00,20,20,20
2417,300e0,00,20,20,20
2422,300e0,00,20,20,20
2427,300e0,00,20,20,20
2432,700e0,00,20,20,20
2437,700e0,00,20,20,20
2442,700e0,00,20,20,20
2447,700e0,00,20,20,20
2452,700e0,00,20,20,20
2457,500e0,00,20,20,20
2462,500e0,00,20,20,20
2467,500e0,00,20,20,20
2472,500e0,00,20,20,20
country:156
2412,300e0,00,20,20,20
2417,300e0,00,20,20,20
2422,300e0,00,20,20,20
2427,300e0,00,20,20,20
2432,700e0,00,20,20,20
2437,700e0,00,20,20,20
2442,700e0,00,20,20,20
2447,700e0,00,20,20,20
2452,700e0,00,20,20,20
2457,500e0,00,20,20,20
2462,500e0,00,20,20,20
2467,500e0,00,20,20,20
2472,500e0,00,20,20,20
country:170
2412,300e0,00,26,30,30
2417,300e0,00,26,29,29
2422,300e0,00,26,30,30
2427,300e0,00,26,29,29
2432,700e0,00,26,30,30
2437,700e0,00,26,29,29
2442,700e0,00,26,30,30
2447,500e0,00,26,29,29
2452,500e0,00,26,30,30
2457,500e0,00,26,29,29
2462,500e0,00,26,30,30
2467,500e0,00,26,30,30
2472,500e0,00,26,30,30
country:188
2412,300e0,00,20,20,20
2417,300e0,00,20,20,20
2422,300e0,00,20,20,20
2427,300e0,00,20,20,20
2432,700e0,00,20,20,20
2437,700e0,00,20,20,20
2442,700e0,00,20,20,20
2447,700e0,00,20,20,20
2452,700e0,00,20,20,20
2457,500e0,00,20,20,20
2462,500e0,00,20,20,20
2467,500e0,00,20,20,20
2472,500e0,00,20,20,20
country:191
2412,300e0,00,20,20,20
2417,300e0,00,20,20,20
2422,300e0,00,20,20,20
2427,300e0,00,20,20,20
2432,700e0,00,20,20,20
2437,700e0,00,20,20,20
2442,700e0,00,20,20,20
2447,700e0,00,20,20,20
2452,700e0,00,20,20,20
2457,500e0,00,20,20,20
2462,500e0,00,20,20,20
2467,500e0,00,20,20,20
2472,500e0,00,20,20,20
country:196
2412,300e0,00,20,20,20
2417,300e0,00,20,20,20
2422,300e0,00,20,20,20
2427,300e0,00,20,20,20
2432,700e0,00,20,20,20
2437,700e0,00,20,20,20
2442,700e0,00,20,20,20
2447,700e0,00,20,20,20
2452,700e0,00,20,20,20
2457,500e0,00,20,20,20
2462,500e0,00,20,20,20
2467,500e0,00,20,20,20
2472,500e0,00,20,20,20
country:203
2412,300e0,00,20,20,20
2417,300e0,00,20,20,20
2422,300e0,00,20,20,20
2427,300e0,00,20,20,20
2432,700e0,00,20,20,20
2437,700e0,00,20,20,20
2442,700e0,00,20,20,20
2447,700e0,00,20,20,20
2452,700e0,00,20,20,20
2457,500e0,00,20,20,20
2462,500e0,00,20,20,20
2467,500e0,00,20,20,20
2472,500e0,00,20,20,20
country:208
2412,300e0,00,20,20,20
2417,300e0,00,20,20,20
2422,300e0,00,20,20,20
2427,300e0,00,20,20,20
2432,700e0,00,20,20,20
2437,700e0,00,20,20,20
2442,700e0,00,20,20,20
2447,700e0,00,20,20,20
2452,700e0,00,20,20,20
2457,500e0,00,20,20,20
2462,500e0,00,20,20,20
2467,500e0,00,20,20,20
2472,500e0,00,20,20,20
country:214
2412,300e0,00,26,30,30
2417,300e0,00,26,29,29
2422,300e0,00,26,30,30
2427,300e0,00,26,29,29
2432,700e0,00,26,30,30
2437,700e0,00,26,29,29
2442,700e0,00,26,30,30
2447,500e0,00,26,29,29
2452,500e0,00,26,30,30
2457,500e0,00,26,29,29
2462,500e0,00,26,30,30
country:218
2412,300e0,00,20,20,20
2417,300e0,00,20,20,20
2422,300e0,00,20,20,20
2427,300e0,00,20,20,20
2432,700e0,00,20,20,20
2437,700e0,00,20,20,20
2442,700e0,00,20,20,20
2447,700e0,00,20,20,20
2452,700e0,00,20,20,20
2457,500e0,00,20,20,20
2462,500e0,00,20,20,20
2467,500e0,00,20,20,20
2472,500e0,00,20,20,20
country:818
2412,300e0,00,20,20,20
2417,300e0,00,20,20,20
2422,300e0,00,20,20,20
2427,300e0,00,20,20,20
2432,700e0,00,20,20,20
2437,700e0,00,20,20,20
2442,700e0,00,20,20,20
2447,700e0,00,20,20,20
2452,700e0,00,20,20,20
2457,500e0,00,20,20,20
2462,500e0,00,20,20,20
2467,500e0,00,20,20,20
2472,500e0,00,20,20,20
country:222
2412,300e0,00,20,20,20
2417,300e0,00,20,20,20
2422,300e0,00,20,20,20
2427,300e0,00,20,20,20
2432,700e0,00,20,20,20
2437,700e0,00,20,20,20
2442,700e0,00,20,20,20
2447,700e0,00,20,20,20
2452,700e0,00,20,20,20
2457,500e0,00,20,20,20
2462,500e0,00,20,20,20
2467,500e0,00,20,20,20
2472,500e0,00,20,20,20
country:233
2412,300e0,00,20,20,20
2417,300e0,00,20,20,20
2422,300e0,00,20,20,20
2427,300e0,00,20,20,20
2432,700e0,00,20,20,20
2437,700e0,00,20,20,20
2442,700e0,00,20,20,20
2447,700e0,00,20,20,20
2452,700e0,00,20,20,20
2457,500e0,00,20,20,20
2462,500e0,00,20,20,20
2467,500e0,00,20,20,20
2472,500e0,00,20,20,20
country:234, empty
country:246
2412,300e0,00,20,20,20
2417,300e0,00,20,20,20
2422,300e0,00,20,20,20
2427,300e0,00,20,20,20
2432,700e0,00,20,20,20
2437,700e0,00,20,20,20
2442,700e0,00,20,20,20
2447,700e0,00,20,20,20
2452,700e0,00,20,20,20
2457,500e0,00,20,20,20
2462,500e0,00,20,20,20
2467,500e0,00,20,20,20
2472,500e0,00,20,20,20
country:250
2412,300e0,00,20,20,20
2417,300e0,00,20,20,20
2422,300e0,00,20,20,20
2427,300e0,00,20,20,20
2432,700e0,00,20,20,20
2437,700e0,00,20,20,20
2442,700e0,00,20,20,20
2447,700e0,00,20,20,20
2452,700e0,00,20,20,20
2457,500e0,00,20,20,20
2462,500e0,00,20,20,20
2467,500e0,00,20,20,20
2472,500e0,00,20,20,20
country:268
2412,300e0,00,20,20,20
2417,300e0,00,20,20,20
2422,300e0,00,20,20,20
2427,300e0,00,20,20,20
2432,700e0,00,20,20,20
2437,700e0,00,20,20,20
2442,700e0,00,20,20,20
2447,700e0,00,20,20,20
2452,700e0,00,20,20,20
2457,500e0,00,20,20,20
2462,500e0,00,20,20,20
2467,500e0,00,20,20,20
2472,500e0,00,20,20,20
country:276
2412,300e0,00,20,20,20
2417,300e0,00,20,20,20
2422,300e0,00,20,20,20
2427,300e0,00,20,20,20
2432,700e0,00,20,20,20
2437,700e0,00,20,20,20
2442,700e0,00,20,20,20
2447,700e0,00,20,20,20
2452,700e0,00,20,20,20
2457,500e0,00,20,20,20
2462,500e0,00,20,20,20
2467,500e0,00,20,20,20
2472,500e0,00,20,20,20
country:300
2412,300e0,00,20,20,20
2417,300e0,00,20,20,20
2422,300e0,00,20,20,20
2427,300e0,00,20,20,20
2432,700e0,00,20,20,20
2437,700e0,00,20,20,20
2442,700e0,00,20,20,20
2447,700e0,00,20,20,20
2452,700e0,00,20,20,20
2457,500e0,00,20,20,20
2462,500e0,00,20,20,20
2467,500e0,00,20,20,20
2472,500e0,00,20,20,20
country:304
2412,300e0,00,20,20,20
2417,300e0,00,20,20,20
2422,300e0,00,20,20,20
2427,300e0,00,20,20,20
2432,700e0,00,20,20,20
2437,700e0,00,20,20,20
2442,700e0,00,20,20,20
2447,700e0,00,20,20,20
2452,700e0,00,20,20,20
2457,500e0,00,20,20,20
2462,500e0,00,20,20,20
2467,500e0,00,20,20,20
2472,500e0,00,20,20,20
country:308
2412,300e0,00,26,29,29
2417,300e0,00,26,30,30
2422,300e0,00,26,29,29
2427,300e0,00,26,30,30
2432,700e0,00,26,29,29
2437,700e0,00,26,30,30
2442,700e0,00,26,29,29
2447,500e0,00,26,30,30
2452,500e0,00,26,29,29
2457,500e0,00,26,30,30
2462,500e0,00,26,29,29
country:316
2412,300e0,00,26,30,30
2417,300e0,00,26,29,29
2422,300e0,00,26,30,30
2427,300e0,00,26,29,29
2432,700e0,00,26,30,30
2437,700e0,00,26,29,29
2442,700e0,00,26,30,30
2447,500e0,00,26,29,29
2452,500e0,00,26,30,30
2457,500e0,00,26,29,29
2462,500e0,00,26,30,30
country:320
2412,300e0,00,26,29,29
2417,300e0,00,26,30,30
2422,300e0,00,26,29,29
2427,300e0,00,26,30,30
2432,700e0,00,26,29,29
2437,700e0,00,26,30,30
2442,700e0,00,26,29,29
2447,500e0,00,26,30,30
2452,500e0,00,26,29,29
2457,500e0,00,26,30,30
2462,500e0,00,26,29,29
country:332
2412,300e0,00,20,20,20
2417,300e0,00,20,20,20
2422,300e0,00,20,20,20
2427,300e0,00,20,20,20
2432,700e0,00,20,20,20
2437,700e0,00,20,20,20
2442,700e0,00,20,20,20
2447,700e0,00,20,20,20
2452,700e0,00,20,20,20
2457,500e0,00,20,20,20
2462,500e0,00,20,20,20
2467,500e0,00,20,20,20
2472,500e0,00,20,20,20
country:340
2412,300e0,00,20,20,20
2417,300e0,00,20,20,20
2422,300e0,00,20,20,20
2427,300e0,00,20,20,20
2432,700e0,00,20,20,20
2437,700e0,00,20,20,20
2442,700e0,00,20,20,20
2447,700e0,00,20,20,20
2452,700e0,00,20,20,20
2457,500e0,00,20,20,20
2462,500e0,00,20,20,20
2467,500e0,00,20,20,20
2472,500e0,00,20,20,20
country:344
2412,300e0,00,20,20,20
2417,300e0,00,20,20,20
2422,300e0,00,20,20,20
2427,300e0,00,20,20,20
2432,700e0,00,20,20,20
2437,700e0,00,20,20,20
2442,700e0,00,20,20,20
2447,700e0,00,20,20,20
2452,700e0,00,20,20,20
2457,500e0,00,20,20,20
2462,500e0,00,20,20,20
2467,500e0,00,20,20,20
2472,500e0,00,20,20,20
country:348
2412,300e0,00,20,20,20
2417,300e0,00,20,20,20
2422,300e0,00,20,20,20
2427,300e0,00,20,20,20
2432,700e0,00,20,20,20
2437,700e0,00,20,20,20
2442,700e0,00,20,20,20
2447,700e0,00,20,20,20
2452,700e0,00,20,20,20
2457,500e0,00,20,20,20
2462,500e0,00,20,20,20
2467,500e0,00,20,20,20
2472,500e0,00,20,20,20
country:352
2412,300e0,00,20,20,20
2417,300e0,00,20,20,20
2422,300e0,00,20,20,20
2427,300e0,00,20,20,20
2432,700e0,00,20,20,20
2437,700e0,00,20,20,20
2442,700e0,00,20,20,20
2447,700e0,00,20,20,20
2452,700e0,00,20,20,20
2457,500e0,00,20,20,20
2462,500e0,00,20,20,20
2467,500e0,00,20,20,20
2472,500e0,00,20,20,20
country:356
2412,300e0,00,20,20,20
2417,300e0,00,20,20,20
2422,300e0,00,20,20,20
2427,300e0,00,20,20,20
2432,700e0,00,20,20,20
2437,700e0,00,20,20,20
2442,700e0,00,20,20,20
2447,700e0,00,20,20,20
2452,700e0,00,20,20,20
2457,500e0,00,20,20,20
2462,500e0,00,20,20,20
2467,500e0,00,20,20,20
2472,500e0,00,20,20,20
country:360
2412,300e0,00,20,20,20
2417,300e0,00,20,20,20
2422,300e0,00,20,20,20
2427,300e0,00,20,20,20
2432,700e0,00,20,20,20
2437,700e0,00,20,20,20
2442,700e0,00,20,20,20
2447,700e0,00,20,20,20
2452,700e0,00,20,20,20
2457,500e0,00,20,20,20
2462,500e0,00,20,20,20
2467,500e0,00,20,20,20
2472,500e0,00,20,20,20
country:364
2412,300e0,00,20,20,20
2417,300e0,00,20,20,20
2422,300e0,00,20,20,20
2427,300e0,00,20,20,20
2432,700e0,00,20,20,20
2437,700e0,00,20,20,20
2442,700e0,00,20,20,20
2447,700e0,00,20,20,20
2452,700e0,00,20,20,20
2457,500e0,00,20,20,20
2462,500e0,00,20,20,20
2467,500e0,00,20,20,20
2472,500e0,00,20,20,20
country:368, empty
country:372
2412,300e0,00,20,20,20
2417,300e0,00,20,20,20
2422,300e0,00,20,20,20
2427,300e0,00,20,20,20
2432,700e0,00,20,20,20
2437,700e0,00,20,20,20
2442,700e0,00,20,20,20
2447,700e0,00,20,20,20
2452,700e0,00,20,20,20
2457,500e0,00,20,20,20
2462,500e0,00,20,20,20
2467,500e0,00,20,20,20
2472,500e0,00,20,20,20
country:376
2412,300e0,00,20,20,20
2417,300e0,00,20,20,20
2422,300e0,00,20,20,20
2427,300e0,00,20,20,20
2432,700e0,00,20,20,20
2437,700e0,00,20,20,20
2442,700e0,00,20,20,20
2447,700e0,00,20,20,20
2452,700e0,00,20,20,20
2457,500e0,00,20,20,20
2462,500e0,00,20,20,20
2467,500e0,00,20,20,20
2472,500e0,00,20,20,20
country:380
2412,300e0,00,20,20,20
2417,300e0,00,20,20,20
2422,300e0,00,20,20,20
2427,300e0,00,20,20,20
2432,700e0,00,20,20,20
2437,700e0,00,20,20,20
2442,700e0,00,20,20,20
2447,700e0,00,20,20,20
2452,700e0,00,20,20,20
2457,500e0,00,20,20,20
2462,500e0,00,20,20,20
2467,500e0,00,20,20,20
2472,500e0,00,20,20,20
country:388
2412,300e0,00,20,20,20
2417,300e0,00,20,20,20
2422,300e0,00,20,20,20
2427,300e0,00,20,20,20
2432,700e0,00,20,20,20
2437,700e0,00,20,20,20
2442,700e0,00,20,20,20
2447,700e0,00,20,20,20
2452,700e0,00,20,20,20
2457,500e0,00,20,20,20
2462,500e0,00,20,20,20
2467,500e0,00,20,20,20
2472,500e0,00,20,20,20
country:392
2412,302e0,00,20,20,20
2417,302e0,00,20,20,20
2422,302e0,00,20,20,20
2427,302e0,00,20,20,20
2432,702e0,00,20,20,20
2437,702e0,00,20,20,20
2442,702e0,00,20,20,20
2447,702e0,00,20,20,20
2452,702e0,00,20,20,20
2457,502e0,00,20,20,20
2462,502e0,00,20,20,20
2467,502e0,40,20,20,20
2472,502e0,40,20,20,20
2484,2a0,40,20,20,20
country:400
2412,300e0,00,20,20,20
2417,300e0,00,20,20,20
2422,300e0,00,20,20,20
2427,300e0,00,20,20,20
2432,700e0,00,20,20,20
2437,700e0,00,20,20,20
2442,700e0,00,20,20,20
2447,700e0,00,20,20,20
2452,700e0,00,20,20,20
2457,500e0,00,20,20,20
2462,500e0,00,20,20,20
2467,500e0,00,20,20,20
2472,500e0,00,20,20,20
country:398
2412,300e0,00,20,20,20
2417,300e0,00,20,20,20
2422,300e0,00,20,20,20
2427,300e0,00,20,20,20
2432,700e0,00,20,20,20
2437,700e0,00,20,20,20
2442,700e0,00,20,20,20
2447,700e0,00,20,20,20
2452,700e0,00,20,20,20
2457,500e0,00,20,20,20
2462,500e0,00,20,20,20
2467,500e0,00,20,20,20
2472,500e0,00,20,20,20
country:404
2412,300e0,00,20,20,20
2417,300e0,00,20,20,20
2422,300e0,00,20,20,20
2427,300e0,00,20,20,20
2432,700e0,00,20,20,20
2437,700e0,00,20,20,20
2442,700e0,00,20,20,20
2447,700e0,00,20,20,20
2452,700e0,00,20,20,20
2457,500e0,00,20,20,20
2462,500e0,00,20,20,20
2467,500e0,00,20,20,20
2472,500e0,00,20,20,20
country:408
2412,100e0,00,20,20,20
2417,100e0,00,20,20,20
2422,100e0,00,20,20,20
2427,100e0,00,20,20,20
2432,100e0,00,20,20,20
2437,100e0,00,20,20,20
2442,100e0,00,20,20,20
2447,100e0,00,20,20,20
2452,100e0,00,20,20,20
2457,100e0,00,20,20,20
2462,100e0,00,20,20,20
2467,100e0,00,20,20,20
2472,100e0,00,20,20,20
country:410
2412,300e0,00,20,20,20
2417,300e0,00,20,20,20
2422,300e0,00,20,20,20
2427,300e0,00,20,20,20
2432,700e0,00,20,20,20
2437,700e0,00,20,20,20
2442,700e0,00,20,20,20
2447,700e0,00,20,20,20
2452,700e0,00,20,20,20
2457,500e0,00,20,20,20
2462,500e0,00,20,20,20
2467,500e0,00,20,20,20
2472,500e0,00,20,20,20
country:412
2412,100e0,00,20,20,20
2417,100e0,00,20,20,20
2422,100e0,00,20,20,20
2427,100e0,00,20,20,20
2432,100e0,00,20,20,20
2437,100e0,00,20,20,20
2442,100e0,00,20,20,20
2447,100e0,00,20,20,20
2452,100e0,00,20,20,20
2457,100e0,00,20,20,20
2462,100e0,00,20,20,20
2467,100e0,00,20,20,20
2472,100e0,00,20,20,20
country:414
2412,300e0,00,20,20,20
2417,300e0,00,20,20,20
2422,300e0,00,20,20,20
2427,300e0,00,20,20,20
2432,700e0,00,20,20,20
2437,700e0,00,20,20,20
2442,700e0,00,20,20,20
2447,700e0,00,20,20,20
2452,700e0,00,20,20,20
2457,500e0,00,20,20,20
2462,500e0,00,20,20,20
2467,500e0,00,20,20,20
2472,500e0,00,20,20,20
country:428
2412,300e0,00,20,20,20
2417,300e0,00,20,20,20
2422,300e0,00,20,20,20
2427,300e0,00,20,20,20
2432,700e0,00,20,20,20
2437,700e0,00,20,20,20
2442,700e0,00,20,20,20
2447,700e0,00,20,20,20
2452,700e0,00,20,20,20
2457,500e0,00,20,20,20
2462,500e0,00,20,20,20
2467,500e0,00,20,20,20
2472,500e0,00,20,20,20
country:422
2412,300e0,00,20,20,20
2417,300e0,00,20,20,20
2422,300e0,00,20,20,20
2427,300e0,00,20,20,20
2432,700e0,00,20,20,20
2437,700e0,00,20,20,20
2442,700e0,00,20,20,20
2447,700e0,00,20,20,20
2452,700e0,00,20,20,20
2457,500e0,00,20,20,20
2462,500e0,00,20,20,20
2467,500e0,00,20,20,20
2472,500e0,00,20,20,20
country:434, empty
country:438
2412,300e0,00,20,20,20
2417,300e0,00,20,20,20
2422,300e0,00,20,20,20
2427,300e0,00,20,20,20
2432,700e0,00,20,20,20
2437,700e0,00,20,20,20
2442,700e0,00,20,20,20
2447,700e0,00,20,20,20
2452,700e0,00,20,20,20
2457,500e0,00,20,20,20
2462,500e0,00,20,20,20
2467,500e0,00,20,20,20
2472,500e0,00,20,20,20
country:440
2412,300e0,00,20,20,20
2417,300e0,00,20,20,20
2422,300e0,00,20,20,20
2427,300e0,00,20,20,20
2432,700e0,00,20,20,20
2437,700e0,00,20,20,20
2442,700e0,00,20,20,20
2447,700e0,00,20,20,20
2452,700e0,00,20,20,20
2457,500e0,00,20,20,20
2462,500e0,00,20,20,20
2467,500e0,00,20,20,20
2472,500e0,00,20,20,20
country:442
2412,300e0,00,20,20,20
2417,300e0,00,20,20,20
2422,300e0,00,20,20,20
2427,300e0,00,20,20,20
2432,700e0,00,20,20,20
2437,700e0,00,20,20,20
2442,700e0,00,20,20,20
2447,700e0,00,20,20,20
2452,700e0,00,20,20,20
2457,500e0,00,20,20,20
2462,500e0,00,20,20,20
2467,500e0,00,20,20,20
2472,500e0,00,20,20,20
country:446
2412,300e0,00,20,20,20
2417,300e0,00,20,20,20
2422,300e0,00,20,20,20
2427,300e0,00,20,20,20
2432,700e0,00,20,20,20
2437,700e0,00,20,20,20
2442,700e0,00,20,20,20
2447,700e0,00,20,20,20
2452,700e0,00,20,20,20
2457,500e0,00,20,20,20
2462,500e0,00,20,20,20
2467,500e0,00,20,20,20
2472,500e0,00,20,20,20
country:807
2412,300e0,00,20,20,20
2417,300e0,00,20,20,20
2422,300e0,00,20,20,20
2427,300e0,00,20,20,20
2432,700e0,00,20,20,20
2437,700e0,00,20,20,20
2442,700e0,00,20,20,20
2447,700e0,00,20,20,20
2452,700e0,00,20,20,20
2457,500e0,00,20,20,20
2462,500e0,00,20,20,20
2467,500e0,00,20,20,20
2472,500e0,00,20,20,20
country:458
2412,300e0,00,20,20,20
2417,300e0,00,20,20,20
2422,300e0,00,20,20,20
2427,300e0,00,20,20,20
2432,700e0,00,20,20,20
2437,700e0,00,20,20,20
2442,700e0,00,20,20,20
2447,700e0,00,20,20,20
2452,700e0,00,20,20,20
2457,500e0,00,20,20,20
2462,500e0,00,20,20,20
2467,500e0,00,20,20,20
2472,500e0,00,20,20,20
country:462, empty
country:470
2412,300e0,00,20,20,20
2417,300e0,00,20,20,20
2422,300e0,00,20,20,20
2427,300e0,00,20,20,20
2432,700e0,00,20,20,20
2437,700e0,00,20,20,20
2442,700e0,00,20,20,20
2447,700e0,00,20,20,20
2452,700e0,00,20,20,20
2457,500e0,00,20,20,20
2462,500e0,00,20,20,20
2467,500e0,00,20,20,20
2472,500e0,00,20,20,20
country:480
2412,300e0,00,20,20,20
2417,300e0,00,20,20,20
2422,300e0,00,20,20,20
2427,300e0,00,20,20,20
2432,700e0,00,20,20,20
2437,700e0,00,20,20,20
2442,700e0,00,20,20,20
2447,700e0,00,20,20,20
2452,700e0,00,20,20,20
2457,500e0,00,20,20,20
2462,500e0,00,20,20,20
2467,500e0,00,20,20,20
2472,500e0,00,20,20,20
country:484
2412,300e0,00,20,20,20
2417,300e0,00,20,20,20
2422,300e0,00,20,20,20
2427,300e0,00,20,20,20
2432,700e0,00,20,20,20
2437,700e0,00,20,20,20
2442,700e0,00,20,20,20
2447,700e0,00,20,20,20
2452,700e0,00,20,20,20
2457,500e0,00,20,20,20
2462,500e0,00,20,20,20
country:492
2412,300e0,00,20,20,20
2417,300e0,00,20,20,20
2422,300e0,00,20,20,20
2427,300e0,00,20,20,20
2432,700e0,00,20,20,20
2437,700e0,00,20,20,20
2442,700e0,00,20,20,20
2447,700e0,00,20,20,20
2452,700e0,00,20,20,20
2457,500e0,00,20,20,20
2462,500e0,00,20,20,20
2467,500e0,00,20,20,20
2472,500e0,00,20,20,20
country:504
2412,300e0,00,20,20,20
2417,300e0,00,20,20,20
2422,300e0,00,20,20,20
2427,300e0,00,20,20,20
2432,700e0,00,20,20,20
2437,700e0,00,20,20,20
2442,700e0,00,20,20,20
2447,700e0,00,20,20,20
2452,700e0,00,20,20,20
2457,500e0,00,20,20,20
2462,500e0,00,20,20,20
2467,500e0,00,20,20,20
2472,500e0,00,20,20,20
country:511
2312,30080,00,26,27,27
2317,30080,00,26,27,27
2322,30080,00,26,27,27
2327,30080,00,26,27,27
2332,70080,00,26,27,27
2337,70080,00,26,27,27
2342,70080,00,26,27,27
2347,70080,00,26,27,27
2352,70080,00,26,27,27
2357,70080,00,26,27,27
2362,70080,00,26,27,27
2367,70080,00,26,27,27
2372,70080,00,26,27,27
2377,70080,00,26,27,27
2382,70080,00,26,27,27
2387,70080,00,26,27,27
2392,70080,00,26,27,27
2397,70080,00,26,27,27
2402,70080,00,26,27,27
2407,70080,00,26,27,27
2412,70080,00,26,27,27
2417,70080,00,26,27,27
2422,70080,00,26,27,27
2427,70080,00,26,27,27
2432,70080,00,26,27,27
2437,70080,00,26,27,27
2442,70080,00,26,27,27
2447,70080,00,26,27,27
2452,70080,00,26,27,27
2457,70080,00,26,27,27
2462,70080,00,26,27,27
2467,70080,00,26,27,27
2472,70080,00,26,27,27
2477,70080,00,26,27,27
2482,70080,00,26,27,27
2484,10080,00,26,27,27
2487,70080,00,26,27,27
2492,70080,00,26,27,27
2497,70080,00,26,27,27
2502,70080,00,26,27,27
2507,70080,00,26,27,27
2512,70080,00,26,27,27
2517,50080,00,26,27,27
2522,50080,00,26,27,27
2527,50080,00,26,27,27
2532,50080,00,26,27,27
country:524
2412,300e0,00,20,20,20
2417,300e0,00,20,20,20
2422,300e0,00,20,20,20
2427,300e0,00,20,20,20
2432,700e0,00,20,20,20
2437,700e0,00,20,20,20
2442,700e0,00,20,20,20
2447,700e0,00,20,20,20
2452,700e0,00,20,20,20
2457,500e0,00,20,20,20
2462,500e0,00,20,20,20
2467,500e0,00,20,20,20
2472,500e0,00,20,20,20
country:528
2412,300e0,00,20,20,20
2417,300e0,00,20,20,20
2422,300e0,00,20,20,20
2427,300e0,00,20,20,20
2432,700e0,00,20,20,20
2437,700e0,00,20,20,20
2442,700e0,00,20,20,20
2447,700e0,00,20,20,20
2452,700e0,00,20,20,20
2457,500e0,00,20,20,20
2462,500e0,00,20,20,20
2467,500e0,00,20,20,20
2472,500e0,00,20,20,20
country:530
2412,300e0,00,20,20,20
2417,300e0,00,20,20,20
2422,300e0,00,20,20,20
2427,300e0,00,20,20,20
2432,700e0,00,20,20,20
2437,700e0,00,20,20,20
2442,700e0,00,20,20,20
2447,700e0,00,20,20,20
2452,700e0,00,20,20,20
2457,500e0,00,20,20,20
2462,500e0,00,20,20,20
2467,500e0,00,20,20,20
2472,500e0,00,20,20,20
country:533
2412,300e0,00,20,20,20
2417,300e0,00,20,20,20
2422,300e0,00,20,20,20
2427,300e0,00,20,20,20
2432,700e0,00,20,20,20
2437,700e0,00,20,20,20
2442,700e0,00,20,20,20
2447,700e0,00,20,20,20
2452,700e0,00,20,20,20
2457,500e0,00,20,20,20
2462,500e0,00,20,20,20
2467,500e0,00,20,20,20
2472,500e0,00,20,20,20
country:554
2412,300e0,00,26,30,30
2417,300e0,00,26,29,29
2422,300e0,00,26,30,30
2427,300e0,00,26,29,29
2432,700e0,00,26,30,30
2437,700e0,00,26,29,29
2442,700e0,00,26,30,30
2447,700e0,00,26,29,29
2452,700e0,00,26,30,30
2457,500e0,00,26,29,29
2462,500e0,00,26,30,30
2467,500e0,00,26,29,29
2472,500e0,00,26,30,30
country:558
2412,300e0,00,26,29,29
2417,300e0,00,26,30,30
2422,300e0,00,26,29,29
2427,300e0,00,26,30,30
2432,700e0,00,26,29,29
2437,700e0,00,26,30,30
2442,700e0,00,26,29,29
2447,500e0,00,26,30,30
2452,500e0,00,26,29,29
2457,500e0,00,26,30,30
2462,500e0,00,26,29,29
country:578
2412,300e0,00,20,20,20
2417,300e0,00,20,20,20
2422,300e0,00,20,20,20
2427,300e0,00,20,20,20
2432,700e0,00,20,20,20
2437,700e0,00,20,20,20
2442,700e0,00,20,20,20
2447,700e0,00,20,20,20
2452,700e0,00,20,20,20
2457,500e0,00,20,20,20
2462,500e0,00,20,20,20
2467,500e0,00,20,20,20
2472,500e0,00,20,20,20
country:512
2412,300e0,00,20,20,20
2417,300e0,00,20,20,20
2422,300e0,00,20,20,20
2427,300e0,00,20,20,20
2432,700e0,00,20,20,20
2437,700e0,00,20,20,20
2442,700e0,00,20,20,20
2447,700e0,00,20,20,20
2452,700e0,00,20,20,20
2457,500e0,00,20,20,20
2462,500e0,00,20,20,20
2467,500e0,00,20,20,20
2472,500e0,00,20,20,20
country:586
2412,300e0,00,20,20,20
2417,300e0,00,20,20,20
2422,300e0,00,20,20,20
2427,300e0,00,20,20,20
2432,700e0,00,20,20,20
2437,700e0,00,20,20,20
2442,700e0,00,20,20,20
2447,700e0,00,20,20,20
2452,700e0,00,20,20,20
2457,500e0,00,20,20,20
2462,500e0,00,20,20,20
2467,500e0,00,20,20,20
2472,500e0,00,20,20,20
country:591
2412,300e0,00,26,29,29
2417,300e0,00,26,30,30
2422,300e0,00,26,29,29
2427,300e0,00,26,30,30
2432,700e0,00,26,29,29
2437,700e0,00,26,30,30
2442,700e0,00,26,29,29
2447,500e0,00,26,30,30
2452,500e0,00,26,29,29
2457,500e0,00,26,30,30
2462,500e0,00,26,29,29
country:598
2412,300e0,00,20,20,20
2417,300e0,00,20,20,20
2422,300e0,00,20,20,20
2427,300e0,00,20,20,20
2432,700e0,00,20,20,20
2437,700e0,00,20,20,20
2442,700e0,00,20,20,20
2447,700e0,00,20,20,20
2452,700e0,00,20,20,20
2457,500e0,00,20,20,20
2462,500e0,00,20,20,20
2467,500e0,00,20,20,20
2472,500e0,00,20,20,20
country:600
2412,300e0,00,20,20,20
2417,300e0,00,20,20,20
2422,300e0,00,20,20,20
2427,300e0,00,20,20,20
2432,700e0,00,20,20,20
2437,700e0,00,20,20,20
2442,700e0,00,20,20,20
2447,700e0,00,20,20,20
2452,700e0,00,20,20,20
2457,500e0,00,20,20,20
2462,500e0,00,20,20,20
2467,500e0,00,20,20,20
2472,500e0,00,20,20,20
country:604
2412,300e0,00,20,20,20
2417,300e0,00,20,20,20
2422,300e0,00,20,20,20
2427,300e0,00,20,20,20
2432,700e0,00,20,20,20
2437,700e0,00,20,20,20
2442,700e0,00,20,20,20
2447,700e0,00,20,20,20
2452,700e0,00,20,20,20
2457,500e0,00,20,20,20
2462,500e0,00,20,20,20
2467,500e0,00,20,20,20
2472,500e0,00,20,20,20
country:608
2412,300e0,00,20,20,20
2417,300e0,00,20,20,20
2422,300e0,00,20,20,20
2427,300e0,00,20,20,20
2432,700e0,00,20,20,20
2437,700e0,00,20,20,20
2442,700e0,00,20,20,20
2447,700e0,00,20,20,20
2452,700e0,00,20,20,20
2457,500e0,00,20,20,20
2462,500e0,00,20,20,20
2467,500e0,00,20,20,20
2472,500e0,00,20,20,20
country:616
2412,300e0,00,20,20,20
2417,300e0,00,20,20,20
2422,300e0,00,20,20,20
2427,300e0,00,20,20,20
2432,700e0,00,20,20,20
2437,700e0,00,20,20,20
2442,700e0,00,20,20,20
2447,700e0,00,20,20,20
2452,700e0,00,20,20,20
2457,500e0,00,20,20,20
2462,500e0,00,20,20,20
2467,500e0,00,20,20,20
2472,500e0,00,20,20,20
country:620
2412,300e0,00,20,20,20
2417,300e0,00,20,20,20
2422,300e0,00,20,20,20
2427,300e0,00,20,20,20
2432,700e0,00,20,20,20
2437,700e0,00,20,20,20
2442,700e0,00,20,20,20
2447,700e0,00,20,20,20
2452,700e0,00,20,20,20
2457,500e0,00,20,20,20
2462,500e0,00,20,20,20
2467,500e0,00,20,20,20
2472,500e0,00,20,20,20
country:630
2412,300e0,00,26,30,30
2417,300e0,00,26,29,29
2422,300e0,00,26,30,30
2427,300e0,00,26,29,29
2432,700e0,00,26,30,30
2437,700e0,00,26,29,29
2442,700e0,00,26,30,30
2447,500e0,00,26,29,29
2452,500e0,00,26,30,30
2457,500e0,00,26,29,29
2462,500e0,00,26,30,30
country:634
2412,300e0,00,20,20,20
2417,300e0,00,20,20,20
2422,300e0,00,20,20,20
2427,300e0,00,20,20,20
2432,700e0,00,20,20,20
2437,700e0,00,20,20,20
2442,700e0,00,20,20,20
2447,700e0,00,20,20,20
2452,700e0,00,20,20,20
2457,500e0,00,20,20,20
2462,500e0,00,20,20,20
2467,500e0,00,20,20,20
2472,500e0,00,20,20,20
country:642
2412,300e0,00,20,20,20
2417,300e0,00,20,20,20
2422,300e0,00,20,20,20
2427,300e0,00,20,20,20
2432,700e0,00,20,20,20
2437,700e0,00,20,20,20
2442,700e0,00,20,20,20
2447,700e0,00,20,20,20
2452,700e0,00,20,20,20
2457,500e0,00,20,20,20
2462,500e0,00,20,20,20
2467,500e0,00,20,20,20
2472,500e0,00,20,20,20
country:643
2412,300e0,00,20,20,20
2417,300e0,00,20,20,20
2422,300e0,00,20,20,20
2427,300e0,00,20,20,20
2432,700e0,00,20,20,20
2437,700e0,00,20,20,20
2442,700e0,00,20,20,20
2447,700e0,00,20,20,20
2452,700e0,00,20,20,20
2457,500e0,00,20,20,20
2462,500e0,00,20,20,20
2467,500e0,00,20,20,20
2472,500e0,00,20,20,20
country:646
2412,300e0,00,20,20,20
2417,300e0,00,20,20,20
2422,300e0,00,20,20,20
2427,300e0,00,20,20,20
2432,700e0,00,20,20,20
2437,700e0,00,20,20,20
2442,700e0,00,20,20,20
2447,700e0,00,20,20,20
2452,700e0,00,20,20,20
2457,500e0,00,20,20,20
2462,500e0,00,20,20,20
2467,500e0,00,20,20,20
2472,500e0,00,20,20,20
country:682
2412,300e0,00,20,20,20
2417,300e0,00,20,20,20
2422,300e0,00,20,20,20
2427,300e0,00,20,20,20
2432,700e0,00,20,20,20
2437,700e0,00,20,20,20
2442,700e0,00,20,20,20
2447,700e0,00,20,20,20
2452,700e0,00,20,20,20
2457,500e0,00,20,20,20
2462,500e0,00,20,20,20
2467,500e0,00,20,20,20
2472,500e0,00,20,20,20
country:688
2412,300e0,00,20,20,20
2417,300e0,00,20,20,20
2422,300e0,00,20,20,20
2427,300e0,00,20,20,20
2432,700e0,00,20,20,20
2437,700e0,00,20,20,20
2442,700e0,00,20,20,20
2447,700e0,00,20,20,20
2452,700e0,00,20,20,20
2457,500e0,00,20,20,20
2462,500e0,00,20,20,20
2467,500e0,00,20,20,20
2472,500e0,00,20,20,20
country:499
2412,300e0,00,20,20,20
2417,300e0,00,20,20,20
2422,300e0,00,20,20,20
2427,300e0,00,20,20,20
2432,700e0,00,20,20,20
2437,700e0,00,20,20,20
2442,700e0,00,20,20,20
2447,700e0,00,20,20,20
2452,700e0,00,20,20,20
2457,500e0,00,20,20,20
2462,500e0,00,20,20,20
2467,500e0,00,20,20,20
2472,500e0,00,20,20,20
country:702
2412,300e0,00,20,20,20
2417,300e0,00,20,20,20
2422,300e0,00,20,20,20
2427,300e0,00,20,20,20
2432,700e0,00,20,20,20
2437,700e0,00,20,20,20
2442,700e0,00,20,20,20
2447,700e0,00,20,20,20
2452,700e0,00,20,20,20
2457,500e0,00,20,20,20
2462,500e0,00,20,20,20
2467,500e0,00,20,20,20
2472,500e0,00,20,20,20
country:703
2412,300e0,00,20,20,20
2417,300e0,00,20,20,20
2422,300e0,00,20,20,20
2427,300e0,00,20,20,20
2432,700e0,00,20,20,20
2437,700e0,00,20,20,20
2442,700e0,00,20,20,20
2447,700e0,00,20,20,20
2452,700e0,00,20,20,20
2457,500e0,00,20,20,20
2462,500e0,00,20,20,20
2467,500e0,00,20,20,20
2472,500e0,00,20,20,20
country:705
2412,300e0,00,20,20,20
2417,300e0,00,20,20,20
2422,300e0,00,20,20,20
2427,300e0,00,20,20,20
2432,700e0,00,20,20,20
2437,700e0,00,20,20,20
2442,700e0,00,20,20,20
2447,700e0,00,20,20,20
2452,700e0,00,20,20,20
2457,500e0,00,20,20,20
2462,500e0,00,20,20,20
2467,500e0,00,20,20,20
2472,500e0,00,20,20,20
country:710
2412,300e0,00,20,20,20
2417,300e0,00,20,20,20
2422,300e0,00,20,20,20
2427,300e0,00,20,20,20
2432,700e0,00,20,20,20
2437,700e0,00,20,20,20
2442,700e0,00,20,20,20
2447,700e0,00,20,20,20
2452,700e0,00,20,20,20
2457,500e0,00,20,20,20
2462,500e0,00,20,20,20
2467,500e0,00,20,20,20
2472,500e0,00,20,20,20
country:724
2412,300e0,00,20,20,20
2417,300e0,00,20,20,20
2422,300e0,00,20,20,20
2427,300e0,00,20,20,20
2432,700e0,00,20,20,20
2437,700e0,00,20,20,20
2442,700e0,00,20,20,20
2447,700e0,00,20,20,20
2452,700e0,00,20,20,20
2457,500e0,00,20,20,20
2462,500e0,00,20,20,20
2467,500e0,00,20,20,20
2472,500e0,00,20,20,20
country:144
2412,300e0,00,20,20,20
2417,300e0,00,20,20,20
2422,300e0,00,20,20,20
2427,300e0,00,20,20,20
2432,700e0,00,20,20,20
2437,700e0,00,20,20,20
2442,700e0,00,20,20,20
2447,700e0,00,20,20,20
2452,700e0,00,20,20,20
2457,500e0,00,20,20,20
2462,500e0,00,20,20,20
2467,500e0,00,20,20,20
2472,500e0,00,20,20,20
country:752
2412,300e0,00,20,20,20
2417,300e0,00,20,20,20
2422,300e0,00,20,20,20
2427,300e0,00,20,20,20
2432,700e0,00,20,20,20
2437,700e0,00,20,20,20
2442,700e0,00,20,20,20
2447,700e0,00,20,20,20
2452,700e0,00,20,20,20
2457,500e0,00,20,20,20
2462,500e0,00,20,20,20
2467,500e0,00,20,20,20
2472,500e0,00,20,20,20
country:756
2412,300e0,00,20,20,20
2417,300e0,00,20,20,20
2422,300e0,00,20,20,20
2427,300e0,00,20,20,20
2432,700e0,00,20,20,20
2437,700e0,00,20,20,20
2442,700e0,00,20,20,20
2447,700e0,00,20,20,20
2452,700e0,00,20,20,20
2457,500e0,00,20,20,20
2462,500e0,00,20,20,20
2467,500e0,00,20,20,20
2472,500e0,00,20,20,20
country:760
2412,300e0,00,20,20,20
2417,300e0,00,20,20,20
2422,300e0,00,20,20,20
2427,300e0,00,20,20,20
2432,700e0,00,20,20,20
2437,700e0,00,20,20,20
2442,700e0,00,20,20,20
2447,700e0,00,20,20,20
2452,700e0,00,20,20,20
2457,500e0,00,20,20,20
2462,500e0,00,20,20,20
2467,500e0,00,20,20,20
2472,500e0,00,20,20,20
country:158
2412,300e0,00,26,29,29
2417,300e0,00,26,30,30
2422,300e0,00,26,29,29
2427,300e0,00,26,30,30
2432,700e0,00,26,29,29
2437,700e0,00,26,30,30
2442,700e0,00,26,29,29
2447,500e0,00,26,30,30
2452,500e0,00,26,29,29
2457,500e0,00,26,30,30
2462,500e0,00,26,29,29
country:834
2412,300e0,00,20,20,20
2417,300e0,00,20,20,20
2422,300e0,00,20,20,20
2427,300e0,00,20,20,20
2432,700e0,00,20,20,20
2437,700e0,00,20,20,20
2442,700e0,00,20,20,20
2447,700e0,00,20,20,20
2452,700e0,00,20,20,20
2457,500e0,00,20,20,20
2462,500e0,00,20,20,20
2467,500e0,00,20,20,20
2472,500e0,00,20,20,20
country:764
2412,300e0,00,20,20,20
2417,300e0,00,20,20,20
2422,300e0,00,20,20,20
2427,300e0,00,20,20,20
2432,700e0,00,20,20,20
2437,700e0,00,20,20,20
2442,700e0,00,20,20,20
2447,700e0,00,20,20,20
2452,700e0,00,20,20,20
2457,500e0,00,20,20,20
2462,500e0,00,20,20,20
2467,500e0,00,20,20,20
2472,500e0,00,20,20,20
country:780
2412,300e0,00,20,20,20
2417,300e0,00,20,20,20
2422,300e0,00,20,20,20
2427,300e0,00,20,20,20
2432,700e0,00,20,20,20
2437,700e0,00,20,20,20
2442,700e0,00,20,20,20
2447,700e0,00,20,20,20
2452,700e0,00,20,20,20
2457,500e0,00,20,20,20
2462,500e0,00,20,20,20
2467,500e0,00,20,20,20
2472,500e0,00,20,20,20
country:788
2412,300e0,00,20,20,20
2417,300e0,00,20,20,20
2422,300e0,00,20,20,20
2427,300e0,00,20,20,20
2432,700e0,00,20,20,20
2437,700e0,00,20,20,20
2442,700e0,00,20,20,20
2447,700e0,00,20,20,20
2452,700e0,00,20,20,20
2457,500e0,00,20,20,20
2462,500e0,00,20,20,20
2467,500e0,00,20,20,20
2472,500e0,00,20,20,20
country:792
2412,300e0,00,20,20,20
2417,300e0,00,20,20,20
2422,300e0,00,20,20,20
2427,300e0,00,20,20,20
2432,700e0,00,20,20,20
2437,700e0,00,20,20,20
2442,700e0,00,20,20,20
2447,700e0,00,20,20,20
2452,700e0,00,20,20,20
2457,500e0,00,20,20,20
2462,500e0,00,20,20,20
2467,500e0,00,20,20,20
2472,500e0,00,20,20,20
country:784
2412,300e0,00,20,20,20
2417,300e0,00,20,20,20
2422,300e0,00,20,20,20
2427,300e0,00,20,20,20
2432,700e0,00,20,20,20
2437,700e0,00,20,20,20
2442,700e0,00,20,20,20
2447,700e0,00,20,20,20
2452,700e0,00,20,20,20
2457,500e0,00,20,20,20
2462,500e0,00,20,20,20
2467,500e0,00,20,20,20
2472,500e0,00,20,20,20
country:800
2412,300e0,00,20,20,20
2417,300e0,00,20,20,20
2422,300e0,00,20,20,20
2427,300e0,00,20,20,20
2432,700e0,00,20,20,20
2437,700e0,00,20,20,20
2442,700e0,00,20,20,20
2447,700e0,00,20,20,20
2452,700e0,00,20,20,20
2457,500e0,00,20,20,20
2462,500e0,00,20,20,20
2467,500e0,00,20,20,20
2472,500e0,00,20,20,20
country:804
2412,300e0,00,20,20,20
2417,300e0,00,20,20,20
2422,300e0,00,20,20,20
2427,300e0,00,20,20,20
2432,700e0,00,20,20,20
2437,700e0,00,20,20,20
2442,700e0,00,20,20,20
2447,700e0,00,20,20,20
2452,700e0,00,20,20,20
2457,500e0,00,20,20,20
2462,500e0,00,20,20,20
2467,500e0,00,20,20,20
2472,500e0,00,20,20,20
country:826
2412,300e0,00,20,20,20
2417,300e0,00,20,20,20
2422,300e0,00,20,20,20
2427,300e0,00,20,20,20
2432,700e0,00,20,20,20
2437,700e0,00,20,20,20
2442,700e0,00,20,20,20
2447,700e0,00,20,20,20
2452,700e0,00,20,20,20
2457,500e0,00,20,20,20
2462,500e0,00,20,20,20
2467,500e0,00,20,20,20
2472,500e0,00,20,20,20
country:840
2412,300e0,00,26,29,29
2417,300e0,00,26,30,30
2422,300e0,00,26,29,29
2427,300e0,00,26,30,30
2432,700e0,00,26,29,29
2437,700e0,00,26,30,30
2442,700e0,00,26,29,29
2447,500e0,00,26,30,30
2452,500e0,00,26,29,29
2457,500e0,00,26,30,30
2462,500e0,00,26,29,29
country:841
2412,300e0,00,25,30,30
2417,300e0,00,25,29,29
2422,300e0,00,25,30,30
2427,300e0,00,25,29,29
2432,700e0,00,25,30,30
2437,700e0,00,25,29,29
2442,700e0,00,25,30,30
2447,500e0,00,25,29,29
2452,500e0,00,25,30,30
2457,500e0,00,25,29,29
2462,500e0,00,25,30,30
country:842
2412,300e0,00,26,29,29
2417,300e0,00,26,30,30
2422,300e0,00,26,29,29
2427,300e0,00,26,30,30
2432,700e0,00,26,29,29
2437,700e0,00,26,30,30
2442,700e0,00,26,29,29
2447,500e0,00,26,30,30
2452,500e0,00,26,29,29
2457,500e0,00,26,30,30
2462,500e0,00,26,29,29
country:858
2412,300e0,00,20,20,20
2417,300e0,00,20,20,20
2422,300e0,00,20,20,20
2427,300e0,00,20,20,20
2432,700e0,00,20,20,20
2437,700e0,00,20,20,20
2442,700e0,00,20,20,20
2447,700e0,00,20,20,20
2452,700e0,00,20,20,20
2457,500e0,00,20,20,20
2462,500e0,00,20,20,20
2467,500e0,00,20,20,20
2472,500e0,00,20,20,20
country:860
2412,300e0,00,26,29,29
2417,300e0,00,26,30,30
2422,300e0,00,26,29,29
2427,300e0,00,26,30,30
2432,700e0,00,26,29,29
2437,700e0,00,26,30,30
2442,700e0,00,26,29,29
2447,500e0,00,26,30,30
2452,500e0,00,26,29,29
2457,500e0,00,26,30,30
2462,500e0,00,26,29,29
country:862
2412,300e0,00,20,20,20
2417,300e0,00,20,20,20
2422,300e0,00,20,20,20
2427,300e0,00,20,20,20
2432,700e0,00,20,20,20
2437,700e0,00,20,20,20
2442,700e0,00,20,20,20
2447,700e0,00,20,20,20
2452,700e0,00,20,20,20
2457,500e0,00,20,20,20
2462,500e0,00,20,20,20
2467,500e0,00,20,20,20
2472,500e0,00,20,20,20
country:704
2412,300e0,00,20,20,20
2417,300e0,00,20,20,20
2422,300e0,00,20,20,20
2427,300e0,00,20,20,20
2432,700e0,00,20,20,20
2437,700e0,00,20,20,20
2442,700e0,00,20,20,20
2447,700e0,00,20,20,20
2452,700e0,00,20,20,20
2457,500e0,00,20,20,20
2462,500e0,00,20,20,20
2467,500e0,00,20,20,20
2472,500e0,00,20,20,20
country:887
2412,300e0,00,20,20,20
2417,300e0,00,20,20,20
2422,300e0,00,20,20,20
2427,300e0,00,20,20,20
2432,700e0,00,20,20,20
2437,700e0,00,20,20,20
2442,700e0,00,20,20,20
2447,700e0,00,20,20,20
2452,700e0,00,20,20,20
2457,500e0,00,20,20,20
2462,500e0,00,20,20,20
2467,500e0,00,20,20,20
2472,500e0,00,20,20,20
country:716
2412,300e0,00,20,20,20
2417,300e0,00,20,20,20
2422,300e0,00,20,20,20
2427,300e0,00,20,20,20
2432,700e0,00,20,20,20
2437,700e0,00,20,20,20
2442,700e0,00,20,20,20
2447,700e0,00,20,20,20
2452,700e0,00,20,20,20
2457,500e0,00,20,20,20
2462,500e0,00,20,20,20
2467,500e0,00,20,20,20
2472,500e0,00,20,20,20
country:393
2412,302e0,00,20,20,20
2417,302e0,00,20,20,20
2422,302e0,00,20,20,20
2427,302e0,00,20,20,20
2432,702e0,00,20,20,20
2437,702e0,00,20,20,20
2442,702e0,00,20,20,20
2447,702e0,00,20,20,20
2452,702e0,00,20,20,20
2457,502e0,00,20,20,20
2462,502e0,00,20,20,20
2467,502e0,40,20,20,20
2472,502e0,40,20,20,20
2484,2a0,40,20,20,20
country:394
2412,300e0,00,26,30,30
2417,300e0,00,26,29,29
2422,300e0,00,26,30,30
2427,300e0,00,26,29,29
2432,700e0,00,26,30,30
2437,700e0,00,26,29,29
2442,700e0,00,26,30,30
2447,500e0,00,26,29,29
2452,500e0,00,26,30,30
2457,500e0,00,26,29,29
2462,500e0,00,26,30,30
country:395
2412,302e0,00,20,20,20
2417,302e0,00,20,20,20
2422,302e0,00,20,20,20
2427,302e0,00,20,20,20
2432,702e0,00,20,20,20
2437,702e0,00,20,20,20
2442,702e0,00,20,20,20
2447,702e0,00,20,20,20
2452,702e0,00,20,20,20
2457,502e0,00,20,20,20
2462,502e0,00,20,20,20
2467,502e0,40,20,20,20
2472,502e0,40,20,20,20
2484,2a0,40,20,20,20
country:396
2412,300e0,00,20,20,20
2417,300e0,00,20,20,20
2422,300e0,00,20,20,20
2427,300e0,00,20,20,20
2432,700e0,00,20,20,20
2437,700e0,00,20,20,20
2442,700e0,00,20,20,20
2447,700e0,00,20,20,20
2452,700e0,00,20,20,20
2457,500e0,00,20,20,20
2462,500e0,00,20,20,20
2467,500e0,00,20,20,20
2472,500e0,00,20,20,20
2484,2a0,40,20,20,20
country:397
2412,300e0,00,20,20,20
2417,300e0,00,20,20,20
2422,300e0,00,20,20,20
2427,300e0,00,20,20,20
2432,700e0,00,20,20,20
2437,700e0,00,20,20,20
2442,700e0,00,20,20,20
2447,700e0,00,20,20,20
2452,700e0,00,20,20,20
2457,500e0,00,20,20,20
2462,500e0,00,20,20,20
2467,502e0,40,20,20,20
2472,502e0,40,20,20,20
2484,2a0,40,20,20,20
country:4006
2412,300e0,00,20,20,20
2417,300e0,00,20,20,20
2422,300e0,00,20,20,20
2427,300e0,00,20,20,20
2432,700e0,00,20,20,20
2437,700e0,00,20,20,20
2442,700e0,00,20,20,20
2447,700e0,00,20,20,20
2452,700e0,00,20,20,20
2457,500e0,00,20,20,20
2462,500e0,00,20,20,20
2467,500e0,00,20,20,20
2472,500e0,00,20,20,20
country:4007
2412,302e0,00,20,20,20
2417,302e0,00,20,20,20
2422,302e0,00,20,20,20
2427,302e0,00,20,20,20
2432,702e0,00,20,20,20
2437,702e0,00,20,20,20
2442,702e0,00,20,20,20
2447,702e0,00,20,20,20
2452,702e0,00,20,20,20
2457,502e0,00,20,20,20
2462,502e0,00,20,20,20
2467,502e0,40,20,20,20
2472,502e0,40,20,20,20
2484,2a0,40,20,20,20
country:4008
2412,300e0,00,20,20,20
2417,300e0,00,20,20,20
2422,300e0,00,20,20,20
2427,300e0,00,20,20,20
2432,700e0,00,20,20,20
2437,700e0,00,20,20,20
2442,700e0,00,20,20,20
2447,700e0,00,20,20,20
2452,700e0,00,20,20,20
2457,500e0,00,20,20,20
2462,500e0,00,20,20,20
2467,502e0,40,20,20,20
2472,502e0,40,20,20,20
2484,2a0,40,20,20,20
country:4009
2412,300e0,00,20,20,20
2417,300e0,00,20,20,20
2422,300e0,00,20,20,20
2427,300e0,00,20,20,20
2432,700e0,00,20,20,20
2437,700e0,00,20,20,20
2442,700e0,00,20,20,20
2447,700e0,00,20,20,20
2452,700e0,00,20,20,20
2457,500e0,00,20,20,20
2462,500e0,00,20,20,20
2467,500e0,00,20,20,20
2472,500e0,00,20,20,20
country:4010
2412,302e0,00,20,20,20
2417,302e0,00,20,20,20
2422,302e0,00,20,20,20
2427,302e0,00,20,20,20
2432,702e0,00,20,20,20
2437,702e0,00,20,20,20
2442,702e0,00,20,20,20
2447,702e0,00,20,20,20
2452,702e0,00,20,20,20
2457,502e0,00,20,20,20
2462,502e0,00,20,20,20
2467,502e0,40,20,20,20
2472,502e0,40,20,20,20
2484,2a0,40,20,20,20
country:4011
2412,300e0,00,20,20,20
2417,300e0,00,20,20,20
2422,300e0,00,20,20,20
2427,300e0,00,20,20,20
2432,700e0,00,20,20,20
2437,700e0,00,20,20,20
2442,700e0,00,20,20,20
2447,700e0,00,20,20,20
2452,700e0,00,20,20,20
2457,500e0,00,20,20,20
2462,500e0,00,20,20,20
2467,502e0,40,20,20,20
2472,502e0,40,20,20,20
2484,2a0,40,20,20,20
country:4012
2412,300e0,00,20,20,20
2417,300e0,00,20,20,20
2422,300e0,00,20,20,20
2427,300e0,00,20,20,20
2432,700e0,00,20,20,20
2437,700e0,00,20,20,20
2442,700e0,00,20,20,20
2447,700e0,00,20,20,20
2452,700e0,00,20,20,20
2457,500e0,00,20,20,20
2462,500e0,00,20,20,20
2467,500e0,00,20,20,20
2472,500e0,00,20,20,20
country:4013
2412,302e0,00,20,20,20
2417,302e0,00,20,20,20
2422,302e0,00,20,20,20
2427,302e0,00,20,20,20
2432,702e0,00,20,20,20
2437,702e0,00,20,20,20
2442,702e0,00,20,20,20
2447,702e0,00,20,20,20
2452,702e0,00,20,20,20
2457,502e0,00,20,20,20
2462,502e0,00,20,20,20
2467,502e0,40,20,20,20
2472,502e0,40,20,20,20
2484,2a0,40,20,20,20
country:4014
2412,300e0,00,20,20,20
2417,300e0,00,20,20,20
2422,300e0,00,20,20,20
2427,300e0,00,20,20,20
2432,700e0,00,20,20,20
2437,700e0,00,20,20,20
2442,700e0,00,20,20,20
2447,700e0,00,20,20,20
2452,700e0,00,20,20,20
2457,500e0,00,20,20,20
2462,500e0,00,20,20,20
2467,502e0,40,20,20,20
2472,502e0,40,20,20,20
2484,2a0,40,20,20,20
country:4015
2412,300e0,00,20,20,20
2417,300e0,00,20,20,20
2422,300e0,00,20,20,20
2427,300e0,00,20,20,20
2432,700e0,00,20,20,20
2437,700e0,00,20,20,20
2442,700e0,00,20,20,20
2447,700e0,00,20,20,20
2452,700e0,00,20,20,20
2457,500e0,00,20,20,20
2462,500e0,00,20,20,20
2467,500e0,00,20,20,20
2472,500e0,00,20,20,20
country:4016
2412,302e0,00,20,20,20
2417,302e0,00,20,20,20
2422,302e0,00,20,20,20
2427,302e0,00,20,20,20
2432,702e0,00,20,20,20
2437,702e0,00,20,20,20
2442,702e0,00,20,20,20
2447,702e0,00,20,20,20
2452,702e0,00,20,20,20
2457,502e0,00,20,20,20
2462,502e0,00,20,20,20
2467,502e0,40,20,20,20
2472,502e0,40,20,20,20
2484,2a0,40,20,20,20
country:4017
2412,300e0,00,20,20,20
2417,300e0,00,20,20,20
2422,300e0,00,20,20,20
2427,300e0,00,20,20,20
2432,700e0,00,20,20,20
2437,700e0,00,20,20,20
2442,700e0,00,20,20,20
2447,700e0,00,20,20,20
2452,700e0,00,20,20,20
2457,500e0,00,20,20,20
2462,500e0,00,20,20,20
2467,502e0,40,20,20,20
2472,502e0,40,20,20,20
2484,2a0,40,20,20,20
country:4018
2412,300e0,00,20,20,20
2417,300e0,00,20,20,20
2422,300e0,00,20,20,20
2427,300e0,00,20,20,20
2432,700e0,00,20,20,20
2437,700e0,00,20,20,20
2442,700e0,00,20,20,20
2447,700e0,00,20,20,20
2452,700e0,00,20,20,20
2457,500e0,00,20,20,20
2462,500e0,00,20,20,20
2467,500e0,00,20,20,20
2472,500e0,00,20,20,20
country:4019
2412,302e0,00,20,20,20
2417,302e0,00,20,20,20
2422,302e0,00,20,20,20
2427,302e0,00,20,20,20
2432,702e0,00,20,20,20
2437,702e0,00,20,20,20
2442,702e0,00,20,20,20
2447,702e0,00,20,20,20
2452,702e0,00,20,20,20
2457,502e0,00,20,20,20
2462,502e0,00,20,20,20
2467,502e0,40,20,20,20
2472,502e0,40,20,20,20
2484,2a0,40,20,20,20
country:4020
2412,300e0,00,20,20,20
2417,300e0,00,20,20,20
2422,300e0,00,20,20,20
2427,300e0,00,20,20,20
2432,700e0,00,20,20,20
2437,700e0,00,20,20,20
2442,700e0,00,20,20,20
2447,700e0,00,20,20,20
2452,700e0,00,20,20,20
2457,500e0,00,20,20,20
2462,500e0,00,20,20,20
2467,502e0,40,20,20,20
2472,502e0,40,20,20,20
2484,2a0,40,20,20,20
country:4021
2412,300e0,00,20,20,20
2417,300e0,00,20,20,20
2422,300e0,00,20,20,20
2427,300e0,00,20,20,20
2432,700e0,00,20,20,20
2437,700e0,00,20,20,20
2442,700e0,00,20,20,20
2447,700e0,00,20,20,20
2452,700e0,00,20,20,20
2457,500e0,00,20,20,20
2462,500e0,00,20,20,20
2467,500e0,00,20,20,20
2472,500e0,00,20,20,20
country:4022
2412,302e0,00,20,20,20
2417,302e0,00,20,20,20
2422,302e0,00,20,20,20
2427,302e0,00,20,20,20
2432,702e0,00,20,20,20
2437,702e0,00,20,20,20
2442,702e0,00,20,20,20
2447,702e0,00,20,20,20
2452,702e0,00,20,20,20
2457,502e0,00,20,20,20
2462,502e0,00,20,20,20
2467,502e0,40,20,20,20
2472,502e0,40,20,20,20
2484,2a0,40,20,20,20
country:4023
2412,300e0,00,20,20,20
2417,300e0,00,20,20,20
2422,300e0,00,20,20,20
2427,300e0,00,20,20,20
2432,700e0,00,20,20,20
2437,700e0,00,20,20,20
2442,700e0,00,20,20,20
2447,700e0,00,20,20,20
2452,700e0,00,20,20,20
2457,500e0,00,20,20,20
2462,500e0,00,20,20,20
2467,502e0,40,20,20,20
2472,502e0,40,20,20,20
2484,2a0,40,20,20,20
country:4024
2412,300e0,00,20,20,20
2417,300e0,00,20,20,20
2422,300e0,00,20,20,20
2427,300e0,00,20,20,20
2432,700e0,00,20,20,20
2437,700e0,00,20,20,20
2442,700e0,00,20,20,20
2447,700e0,00,20,20,20
2452,700e0,00,20,20,20
2457,500e0,00,20,20,20
2462,500e0,00,20,20,20
2467,500e0,00,20,20,20
2472,500e0,00,20,20,20
country:4025
2412,302e0,00,20,20,20
2417,302e0,00,20,20,20
2422,302e0,00,20,20,20
2427,302e0,00,20,20,20
2432,702e0,00,20,20,20
2437,702e0,00,20,20,20
2442,702e0,00,20,20,20
2447,702e0,00,20,20,20
2452,702e0,00,20,20,20
2457,502e0,00,20,20,20
2462,502e0,00,20,20,20
2467,502e0,40,20,20,20
2472,502e0,40,20,20,20
2484,2a0,40,20,20,20
country:4026
2412,300e0,00,20,20,20
2417,300e0,00,20,20,20
2422,300e0,00,20,20,20
2427,300e0,00,20,20,20
2432,700e0,00,20,20,20
2437,700e0,00,20,20,20
2442,700e0,00,20,20,20
2447,700e0,00,20,20,20
2452,700e0,00,20,20,20
2457,500e0,00,20,20,20
2462,500e0,00,20,20,20
2467,500e0,00,20,20,20
2472,500e0,00,20,20,20
2484,2a0,40,20,20,20
country:4027
2412,300e0,00,26,30,30
2417,300e0,00,26,29,29
2422,300e0,00,26,30,30
2427,300e0,00,26,29,29
2432,700e0,00,26,30,30
2437,700e0,00,26,29,29
2442,700e0,00,26,30,30
2447,500e0,00,26,29,29
2452,500e0,00,26,30,30
2457,500e0,00,26,29,29
2462,500e0,00,26,30,30
country:4028
2412,300e0,00,20,20,20
2417,300e0,00,20,20,20
2422,300e0,00,20,20,20
2427,300e0,00,20,20,20
2432,700e0,00,20,20,20
2437,700e0,00,20,20,20
2442,700e0,00,20,20,20
2447,700e0,00,20,20,20
2452,700e0,00,20,20,20
2457,500e0,00,20,20,20
2462,500e0,00,20,20,20
2467,500e0,00,20,20,20
2472,500e0,00,20,20,20
2484,2a0,40,20,20,20
country:4029
2412,300e0,00,26,29,29
2417,300e0,00,26,30,30
2422,300e0,00,26,29,29
2427,300e0,00,26,30,30
2432,700e0,00,26,29,29
2437,700e0,00,26,30,30
2442,700e0,00,26,29,29
2447,500e0,00,26,30,30
2452,500e0,00,26,29,29
2457,500e0,00,26,30,30
2462,500e0,00,26,29,29
country:4030
2412,300e0,00,20,20,20
2417,300e0,00,20,20,20
2422,300e0,00,20,20,20
2427,300e0,00,20,20,20
2432,700e0,00,20,20,20
2437,700e0,00,20,20,20
2442,700e0,00,20,20,20
2447,700e0,00,20,20,20
2452,700e0,00,20,20,20
2457,500e0,00,20,20,20
2462,500e0,00,20,20,20
2467,500e0,00,20,20,20
2472,500e0,00,20,20,20
2484,2a0,40,20,20,20
country:4031
2412,300e0,00,26,30,30
2417,300e0,00,26,29,29
2422,300e0,00,26,30,30
2427,300e0,00,26,29,29
2432,700e0,00,26,30,30
2437,700e0,00,26,29,29
2442,700e0,00,26,30,30
2447,500e0,00,26,29,29
2452,500e0,00,26,30,30
2457,500e0,00,26,29,29
2462,500e0,00,26,30,30
country:4032
2412,300e0,00,20,20,20
2417,300e0,00,20,20,20
2422,300e0,00,20,20,20
2427,300e0,00,20,20,20
2432,700e0,00,20,20,20
2437,700e0,00,20,20,20
2442,700e0,00,20,20,20
2447,700e0,00,20,20,20
2452,700e0,00,20,20,20
2457,500e0,00,20,20,20
2462,500e0,00,20,20,20
2467,500e0,00,20,20,20
2472,500e0,00,20,20,20
2484,2a0,40,20,20,20
country:4033
2412,300e0,00,26,29,29
2417,300e0,00,26,30,30
2422,300e0,00,26,29,29
2427,300e0,00,26,30,30
2432,700e0,00,26,29,29
2437,700e0,00,26,30,30
2442,700e0,00,26,29,29
2447,500e0,00,26,30,30
2452,500e0,00,26,29,29
2457,500e0,00,26,30,30
2462,500e0,00,26,29,29
country:4034
2412,300e0,00,20,20,20
2417,300e0,00,20,20,20
2422,300e0,00,20,20,20
2427,300e0,00,20,20,20
2432,700e0,00,20,20,20
2437,700e0,00,20,20,20
2442,700e0,00,20,20,20
2447,700e0,00,20,20,20
2452,700e0,00,20,20,20
2457,500e0,00,20,20,20
2462,500e0,00,20,20,20
2467,500e0,00,20,20,20
2472,500e0,00,20,20,20
2484,a0,00,20,20,20
country:4035
2412,300e0,00,20,20,20
2417,300e0,00,20,20,20
2422,300e0,00,20,20,20
2427,300e0,00,20,20,20
2432,700e0,00,20,20,20
2437,700e0,00,20,20,20
2442,700e0,00,20,20,20
2447,700e0,00,20,20,20
2452,700e0,00,20,20,20
2457,500e0,00,20,20,20
2462,500e0,00,20,20,20
2467,500e0,00,20,20,20
2472,500e0,00,20,20,20
2484,a0,00,20,20,20
country:4036
2412,300e0,00,20,20,20
2417,300e0,00,20,20,20
2422,300e0,00,20,20,20
2427,300e0,00,20,20,20
2432,700e0,00,20,20,20
2437,700e0,00,20,20,20
2442,700e0,00,20,20,20
2447,700e0,00,20,20,20
2452,700e0,00,20,20,20
2457,500e0,00,20,20,20
2462,500e0,00,20,20,20
2467,500e0,00,20,20,20
2472,500e0,00,20,20,20
2484,a0,00,20,20,20
country:4037
2412,300e0,00,26,30,30
2417,300e0,00,26,29,29
2422,300e0,00,26,30,30
2427,300e0,00,26,29,29
2432,700e0,00,26,30,30
2437,700e0,00,26,29,29
2442,700e0,00,26,30,30
2447,500e0,00,26,29,29
2452,500e0,00,26,30,30
2457,500e0,00,26,29,29
2462,500e0,00,26,30,30
country:4038
2412,300e0,00,20,20,20
2417,300e0,00,20,20,20
2422,300e0,00,20,20,20
2427,300e0,00,20,20,20
2432,700e0,00,20,20,20
2437,700e0,00,20,20,20
2442,700e0,00,20,20,20
2447,700e0,00,20,20,20
2452,700e0,00,20,20,20
2457,500e0,00,20,20,20
2462,500e0,00,20,20,20
2467,500e0,00,20,20,20
2472,500e0,00,20,20,20
2484,2a0,40,20,20,20
country:4039
2412,300e0,00,20,20,20
2417,300e0,00,20,20,20
2422,300e0,00,20,20,20
2427,300e0,00,20,20,20
2432,700e0,00,20,20,20
2437,700e0,00,20,20,20
2442,700e0,00,20,20,20
2447,700e0,00,20,20,20
2452,700e0,00,20,20,20
2457,500e0,00,20,20,20
2462,500e0,00,20,20,20
2467,500e0,00,20,20,20
2472,500e0,00,20,20,20
country:4040
2412,300e0,00,20,20,20
2417,300e0,00,20,20,20
2422,300e0,00,20,20,20
2427,300e0,00,20,20,20
2432,700e0,00,20,20,20
2437,700e0,00,20,20,20
2442,700e0,00,20,20,20
2447,700e0,00,20,20,20
2452,700e0,00,20,20,20
2457,500e0,00,20,20,20
2462,500e0,00,20,20,20
2467,502e0,40,20,20,20
2472,502e0,40,20,20,20
2484,2a0,40,20,20,20
country:4041
2412,300e0,00,26,30,30
2417,300e0,00,26,29,29
2422,300e0,00,26,30,30
2427,300e0,00,26,29,29
2432,700e0,00,26,30,30
2437,700e0,00,26,29,29
2442,700e0,00,26,30,30
2447,500e0,00,26,29,29
2452,500e0,00,26,30,30
2457,500e0,00,26,29,29
2462,500e0,00,26,30,30
country:4042
2412,300e0,00,20,20,20
2417,300e0,00,20,20,20
2422,300e0,00,20,20,20
2427,300e0,00,20,20,20
2432,700e0,00,20,20,20
2437,700e0,00,20,20,20
2442,700e0,00,20,20,20
2447,700e0,00,20,20,20
2452,700e0,00,20,20,20
2457,500e0,00,20,20,20
2462,500e0,00,20,20,20
2467,500e0,00,20,20,20
2472,500e0,00,20,20,20
2484,2a0,40,20,20,20
country:4043
2412,300e0,00,20,20,20
2417,300e0,00,20,20,20
2422,300e0,00,20,20,20
2427,300e0,00,20,20,20
2432,700e0,00,20,20,20
2437,700e0,00,20,20,20
2442,700e0,00,20,20,20
2447,700e0,00,20,20,20
2452,700e0,00,20,20,20
2457,500e0,00,20,20,20
2462,500e0,00,20,20,20
2467,500e0,00,20,20,20
2472,500e0,00,20,20,20
country:4044
2412,300e0,00,20,20,20
2417,300e0,00,20,20,20
2422,300e0,00,20,20,20
2427,300e0,00,20,20,20
2432,700e0,00,20,20,20
2437,700e0,00,20,20,20
2442,700e0,00,20,20,20
2447,700e0,00,20,20,20
2452,700e0,00,20,20,20
2457,500e0,00,20,20,20
2462,500e0,00,20,20,20
2467,502e0,40,20,20,20
2472,502e0,40,20,20,20
2484,2a0,40,20,20,20
country:4045
2412,300e0,00,20,20,20
2417,300e0,00,20,20,20
2422,300e0,00,20,20,20
2427,300e0,00,20,20,20
2432,700e0,00,20,20,20
2437,700e0,00,20,20,20
2442,700e0,00,20,20,20
2447,700e0,00,20,20,20
2452,700e0,00,20,20,20
2457,500e0,00,20,20,20
2462,500e0,00,20,20,20
2467,500e0,00,20,20,20
2472,500e0,00,20,20,20
2484,a0,00,20,20,20
country:4046
2412,300e0,00,26,30,30
2417,300e0,00,26,29,29
2422,300e0,00,26,30,30
2427,300e0,00,26,29,29
2432,700e0,00,26,30,30
2437,700e0,00,26,29,29
2442,700e0,00,26,30,30
2447,500e0,00,26,29,29
2452,500e0,00,26,30,30
2457,500e0,00,26,29,29
2462,500e0,00,26,30,30
country:4047
2412,300e0,00,20,20,20
2417,300e0,00,20,20,20
2422,300e0,00,20,20,20
2427,300e0,00,20,20,20
2432,700e0,00,20,20,20
2437,700e0,00,20,20,20
2442,700e0,00,20,20,20
2447,700e0,00,20,20,20
2452,700e0,00,20,20,20
2457,500e0,00,20,20,20
2462,500e0,00,20,20,20
2467,500e0,00,20,20,20
2472,500e0,00,20,20,20
2484,2a0,40,20,20,20
country:4048
2412,300e0,00,20,20,20
2417,300e0,00,20,20,20
2422,300e0,00,20,20,20
2427,300e0,00,20,20,20
2432,700e0,00,20,20,20
2437,700e0,00,20,20,20
2442,700e0,00,20,20,20
2447,700e0,00,20,20,20
2452,700e0,00,20,20,20
2457,500e0,00,20,20,20
2462,500e0,00,20,20,20
2467,500e0,00,20,20,20
2472,500e0,00,20,20,20
country:4049
2412,300e0,00,20,20,20
2417,300e0,00,20,20,20
2422,300e0,00,20,20,20
2427,300e0,00,20,20,20
2432,700e0,00,20,20,20
2437,700e0,00,20,20,20
2442,700e0,00,20,20,20
2447,700e0,00,20,20,20
2452,700e0,00,20,20,20
2457,500e0,00,20,20,20
2462,500e0,00,20,20,20
2467,502e0,40,20,20,20
2472,502e0,40,20,20,20
2484,2a0,40,20,20,20
country:4050
2412,300e0,00,20,20,20
2417,300e0,00,20,20,20
2422,300e0,00,20,20,20
2427,300e0,00,20,20,20
2432,700e0,00,20,20,20
2437,700e0,00,20,20,20
2442,700e0,00,20,20,20
2447,700e0,00,20,20,20
2452,700e0,00,20,20,20
2457,500e0,00,20,20,20
2462,500e0,00,20,20,20
2467,500e0,00,20,20,20
2472,500e0,00,20,20,20
2484,a0,00,20,20,20
country:4051
2412,300e0,00,26,30,30
2417,300e0,00,26,29,29
2422,300e0,00,26,30,30
2427,300e0,00,26,29,29
2432,700e0,00,26,30,30
2437,700e0,00,26,29,29
2442,700e0,00,26,30,30
2447,500e0,00,26,29,29
2452,500e0,00,26,30,30
2457,500e0,00,26,29,29
2462,500e0,00,26,30,30
country:4052
2412,300e0,00,20,20,20
2417,300e0,00,20,20,20
2422,300e0,00,20,20,20
2427,300e0,00,20,20,20
2432,700e0,00,20,20,20
2437,700e0,00,20,20,20
2442,700e0,00,20,20,20
2447,700e0,00,20,20,20
2452,700e0,00,20,20,20
2457,500e0,00,20,20,20
2462,500e0,00,20,20,20
2467,500e0,00,20,20,20
2472,500e0,00,20,20,20
2484,2a0,40,20,20,20
country:4053
2412,300e0,00,20,20,20
2417,300e0,00,20,20,20
2422,300e0,00,20,20,20
2427,300e0,00,20,20,20
2432,700e0,00,20,20,20
2437,700e0,00,20,20,20
2442,700e0,00,20,20,20
2447,700e0,00,20,20,20
2452,700e0,00,20,20,20
2457,500e0,00,20,20,20
2462,500e0,00,20,20,20
2467,500e0,00,20,20,20
2472,500e0,00,20,20,20
country:4054
2412,300e0,00,20,20,20
2417,300e0,00,20,20,20
2422,300e0,00,20,20,20
2427,300e0,00,20,20,20
2432,700e0,00,20,20,20
2437,700e0,00,20,20,20
2442,700e0,00,20,20,20
2447,700e0,00,20,20,20
2452,700e0,00,20,20,20
2457,500e0,00,20,20,20
2462,500e0,00,20,20,20
2467,502e0,40,20,20,20
2472,502e0,40,20,20,20
2484,2a0,40,20,20,20
country:4055, empty
country:4056, empty
country:4057
2412,302e0,00,20,20,20
2417,302e0,00,20,20,20
2422,302e0,00,20,20,20
2427,302e0,00,20,20,20
2432,702e0,00,20,20,20
2437,702e0,00,20,20,20
2442,702e0,00,20,20,20
2447,702e0,00,20,20,20
2452,702e0,00,20,20,20
2457,502e0,00,20,20,20
2462,502e0,00,20,20,20
2467,502e0,40,20,20,20
2472,502e0,40,20,20,20
2484,2a0,40,20,20,20
country:4058
2412,300e0,00,20,20,20
2417,300e0,00,20,20,20
2422,300e0,00,20,20,20
2427,300e0,00,20,20,20
2432,700e0,00,20,20,20
2437,700e0,00,20,20,20
2442,700e0,00,20,20,20
2447,700e0,00,20,20,20
2452,700e0,00,20,20,20
2457,500e0,00,20,20,20
2462,500e0,00,20,20,20
2467,500e0,00,20,20,20
2472,500e0,00,20,20,20
2484,2a0,40,20,20,20
country:4059
2412,300e0,00,20,20,20
2417,300e0,00,20,20,20
2422,300e0,00,20,20,20
2427,300e0,00,20,20,20
2432,700e0,00,20,20,20
2437,700e0,00,20,20,20
2442,700e0,00,20,20,20
2447,700e0,00,20,20,20
2452,700e0,00,20,20,20
2457,500e0,00,20,20,20
2462,500e0,00,20,20,20
2467,500e0,00,20,20,20
2472,500e0,00,20,20,20
2484,2a0,40,20,20,20
country:5000
2412,300e0,00,20,20,20
2417,300e0,00,20,20,20
2422,300e0,00,20,20,20
2427,300e0,00,20,20,20
2432,700e0,00,20,20,20
2437,700e0,00,20,20,20
2442,700e0,00,20,20,20
2447,700e0,00,20,20,20
2452,700e0,00,20,20,20
2457,500e0,00,20,20,20
2462,500e0,00,20,20,20
2467,500e0,00,20,20,20
2472,500e0,00,20,20,20
country:5001
2412,300e0,00,26,29,29
2417,300e0,00,26,30,30
2422,300e0,00,26,29,29
2427,300e0,00,26,30,30
2432,700e0,00,26,29,29
2437,700e0,00,26,30,30
2442,700e0,00,26,29,29
2447,500e0,00,26,30,30
2452,500e0,00,26,29,29
2457,500e0,00,26,30,30
2462,500e0,00,26,29,29
country:5002
2412,300e0,00,20,20,20
2417,300e0,00,20,20,20
2422,300e0,00,20,20,20
2427,300e0,00,20,20,20
2432,700e0,00,20,20,20
2437,700e0,00,20,20,20
2442,700e0,00,20,20,20
2447,700e0,00,20,20,20
2452,700e0,00,20,20,20
2457,500e0,00,20,20,20
2462,500e0,00,20,20,20
2467,500e0,00,20,20,20
2472,500e0,00,20,20,20
