country:8, empty
country:12, empty
country:32
5180,30140,00,17,10,7
5200,50140,00,17,10,7
5220,30140,00,17,10,7
5240,50140,00,17,10,7
5260,30340,42,24,17,14
5280,50340,42,24,17,14
5300,30340,42,24,17,14
5320,50340,42,24,17,14
5500,30340,42,24,17,14
5520,50340,42,24,17,14
5540,30340,42,24,17,14
5560,50340,42,24,17,14
5580,30340,42,24,17,14
5600,50340,42,24,17,14
5620,30340,42,24,17,14
5640,50340,42,24,17,14
5660,30340,42,24,17,14
5680,50340,42,24,17,14
5700,30340,42,24,17,14
5720,50340,42,24,17,17
5745,30140,00,30,23,23
5765,50140,00,30,23,23
5785,30140,00,30,23,23
5805,50140,00,30,23,23
5825,10140,00,30,23,23
country:51
5180,10340,40,18,5,5
5200,10340,40,18,5,5
5220,10340,40,18,5,5
5240,10340,40,18,5,5
5260,10340,42,18,5,5
5280,10340,42,18,5,5
5300,10340,42,18,5,5
5320,10340,42,18,5,5
country:36
5180,30140,00,17,10,7
5200,50140,00,17,10,7
5220,30140,00,17,10,7
5240,50140,00,17,10,7
5260,30340,42,24,17,14
5280,50340,42,24,17,14
5300,30340,42,24,17,14
5320,50340,42,24,17,14
5500,30340,42,24,17,14
5520,50340,42,24,17,14
5540,30340,42,24,17,14
5560,50340,42,24,17,14
5580,30340,42,24,17,14
5600,50340,42,24,17,14
5620,30340,42,24,17,14
5640,50340,42,24,17,14
5660,30340,42,24,17,14
5680,50340,42,24,17,14
5700,30340,42,24,17,14
5720,50340,42,24,17,17
5745,30140,00,30,23,23
5765,50140,00,30,23,23
5785,30140,00,30,23,23
5805,50140,00,30,23,23
5825,10140,00,30,23,23
country:40
5180,30340,40,20,7,7
5200,50340,40,20,7,7
5220,30340,40,20,7,7
5240,50340,40,20,7,7
5260,30340,42,20,7,7
5280,50340,42,20,7,7
5300,30340,42,20,7,7
5320,50340,42,20,7,7
5500,30340,42,20,14,14
5520,50340,42,20,14,14
5540,30340,42,20,14,14
5560,50340,42,20,14,14
5580,30340,42,20,14,14
5600,50340,42,20,14,14
5620,30340,42,20,14,14
5640,50340,42,20,14,14
5660,30340,42,20,14,14
5680,50340,42,20,14,14
5700,10340,42,20,14,14
country:31
5180,30340,40,18,5,5
5200,50340,40,18,5,5
5220,30340,40,18,5,5
5240,50340,40,18,5,5
5260,30340,42,18,5,5
5280,50340,42,18,5,5
5300,30340,42,18,5,5
5320,50340,42,18,5,5
country:44
5180,30140,00,17,10,7
5200,50140,00,17,10,7
5220,30140,00,17,10,7
5240,50140,00,17,10,7
5260,30340,42,24,17,14
5280,50340,42,24,17,14
5300,30340,42,24,17,14
5320,50340,42,24,17,14
5500,30340,42,24,17,14
5520,50340,42,24,17,14
5540,30340,42,24,17,14
5560,50340,42,24,17,14
5580,30340,42,24,17,14
5600,50340,42,24,17,14
5620,30340,42,24,17,14
5640,50340,42,24,17,14
5660,30340,42,24,17,14
5680,50340,42,24,17,14
5700,30340,42,24,17,14
5720,50340,42,24,17,17
5745,30140,00,30,23,23
5765,50140,00,30,23,23
5785,30140,00,30,23,23
5805,50140,00,30,23,23
5825,10140,00,30,23,23
country:48
5180,10340,40,20,7,7
5200,10340,40,20,7,7
5220,10340,40,20,7,7
5240,10340,40,20,7,7
5260,10340,42,20,7,7
5280,10340,42,20,7,7
5300,10340,42,20,7,7
5320,10340,42,20,7,7
5745,10140,00,20,7,7
5765,10140,00,20,7,7
5785,10140,00,20,7,7
5805,10140,00,20,7,7
5825,10140,00,20,7,7
country:50, empty
country:52
5180,30140,00,17,10,7
5200,50140,00,17,10,7
5220,30140,00,17,10,7
5240,50140,00,17,10,7
5260,30340,42,24,17,14
5280,50340,42,24,17,14
5300,30340,42,24,17,14
5320,50340,42,24,17,14
5500,30340,42,24,17,14
5520,50340,42,24,17,14
5540,30340,42,24,17,14
5560,50340,42,24,17,14
5580,30340,42,24,17,14
5600,50340,42,24,17,14
5620,30340,42,24,17,14
5640,50340,42,24,17,14
5660,30340,42,24,17,14
5680,50340,42,24,17,14
5700,30340,42,24,17,14
5720,50340,42,24,17,17
5745,30140,00,30,23,23
5765,50140,00,30,23,23
5785,30140,00,30,23,23
5805,50140,00,30,23,23
5825,10140,00,30,23,23
country:112
5180,30340,40,20,7,7
5200,50340,40,20,7,7
5220,30340,40,20,7,7
5240,50340,40,20,7,7
5260,30340,42,20,7,7
5280,50340,42,20,7,7
5300,30340,42,20,7,7
5320,50340,42,20,7,7
5500,30340,42,20,14,14
5520,50340,42,20,14,14
5540,30340,42,20,14,14
5560,50340,42,20,14,14
5580,30340,42,20,14,14
5600,50340,42,20,14,14
5620,30340,42,20,14,14
5640,50340,42,20,14,14
5660,30340,42,20,14,14
5680,50340,42,20,14,14
5700,10340,42,20,14,14
country:56
5180,30340,40,20,7,7
5200,50340,40,20,7,7
5220,30340,40,20,7,7
5240,50340,40,20,7,7
5260,30340,42,20,7,7
5280,50340,42,20,7,7
5300,30340,42,20,7,7
5320,50340,42,20,7,7
5500,30340,42,20,14,14
5520,50340,42,20,14,14
5540,30340,42,20,14,14
5560,50340,42,20,14,14
5580,30340,42,20,14,14
5600,50340,42,20,14,14
5620,30340,42,20,14,14
5640,50340,42,20,14,14
5660,30340,42,20,14,14
5680,50340,42,20,14,14
5700,10340,42,20,14,14
country:84
5745,30140,00,30,17,17
5765,50140,00,30,17,17
5785,30140,00,30,17,17
5805,50140,00,30,17,17
5825,10140,00,30,17,17
country:60
5180,30140,00,17,10,7
5200,50140,00,17,10,7
5220,30140,00,17,10,7
5240,50140,00,17,10,7
5260,30340,42,24,17,14
5280,50340,42,24,17,14
5300,30340,42,24,17,14
5320,50340,42,24,17,14
5500,30340,42,24,17,14
5520,50340,42,24,17,14
5540,30340,42,24,17,14
5560,50340,42,24,17,14
5580,30340,42,24,17,14
5600,50340,42,24,17,14
5620,30340,42,24,17,14
5640,50340,42,24,17,14
5660,30340,42,24,17,14
5680,50340,42,24,17,14
5700,30340,42,24,17,14
5720,50340,42,24,17,17
5745,30140,00,30,23,23
5765,50140,00,30,23,23
5785,30140,00,30,23,23
5805,50140,00,30,23,23
5825,10140,00,30,23,23
country:68
5745,30140,00,30,17,17
5765,50140,00,30,17,17
5785,30140,00,30,17,17
5805,50140,00,30,17,17
5825,10140,00,30,17,17
country:70
5180,30340,40,20,7,7
5200,50340,40,20,7,7
5220,30340,40,20,7,7
5240,50340,40,20,7,7
5260,30340,42,20,7,7
5280,50340,42,20,7,7
5300,30340,42,20,7,7
5320,50340,42,20,7,7
5500,30340,42,20,14,14
5520,50340,42,20,14,14
5540,30340,42,20,14,14
5560,50340,42,20,14,14
5580,30340,42,20,14,14
5600,50340,42,20,14,14
5620,30340,42,20,14,14
5640,50340,42,20,14,14
5660,30340,42,20,14,14
5680,50340,42,20,14,14
5700,10340,42,20,14,14
country:76
5180,30140,00,17,10,7
5200,50140,00,17,10,7
5220,30140,00,17,10,7
5240,50140,00,17,10,7
5260,30340,42,24,17,14
5280,50340,42,24,17,14
5300,30340,42,24,17,14
5320,50340,42,24,17,14
5500,30340,42,24,17,14
5520,50340,42,24,17,14
5540,30340,42,24,17,14
5560,50340,42,24,17,14
5580,30340,42,24,17,14
5600,50340,42,24,17,14
5620,30340,42,24,17,14
5640,50340,42,24,17,14
5660,30340,42,24,17,14
5680,50340,42,24,17,14
5700,30340,42,24,17,14
5720,50340,42,24,17,17
5745,30140,00,30,23,23
5765,50140,00,30,23,23
5785,30140,00,30,23,23
5805,50140,00,30,23,23
5825,10140,00,30,23,23
country:96
5180,30340,40,20,7,7
5200,50340,40,20,7,7
5220,30340,40,20,7,7
5240,50340,40,20,7,7
5260,30340,42,20,7,7
5280,50340,42,20,7,7
5300,30340,42,20,7,7
5320,50340,42,20,7,7
5745,30140,00,20,7,7
5765,50140,00,20,7,7
5785,30140,00,20,7,7
5805,50140,00,20,7,7
5825,10140,00,20,7,7
country:100
5180,30340,40,20,7,7
5200,50340,40,20,7,7
5220,30340,40,20,7,7
5240,50340,40,20,7,7
5260,30340,42,20,7,7
5280,50340,42,20,7,7
5300,30340,42,20,7,7
5320,50340,42,20,7,7
5500,30340,42,20,14,14
5520,50340,42,20,14,14
5540,30340,42,20,14,14
5560,50340,42,20,14,14
5580,30340,42,20,14,14
5600,50340,42,20,14,14
5620,30340,42,20,14,14
5640,50340,42,20,14,14
5660,30340,42,20,14,14
5680,50340,42,20,14,14
5700,10340,42,20,14,14
country:116
5180,30340,40,20,7,7
5200,50340,40,20,7,7
5220,30340,40,20,7,7
5240,50340,40,20,7,7
5260,30340,42,20,7,7
5280,50340,42,20,7,7
5300,30340,42,20,7,7
5320,50340,42,20,7,7
5500,30340,42,20,14,14
5520,50340,42,20,14,14
5540,30340,42,20,14,14
5560,50340,42,20,14,14
5580,30340,42,20,14,14
5600,50340,42,20,14,14
5620,30340,42,20,14,14
5640,50340,42,20,14,14
5660,30340,42,20,14,14
5680,50340,42,20,14,14
5700,10340,42,20,14,14
country:124
5745,30140,00,30,23,23
5765,50140,00,30,23,23
5785,30140,00,30,23,23
5805,50140,00,30,23,23
5825,10140,00,30,23,23
country:152
5180,30340,40,20,7,7
5200,50340,40,20,7,7
5220,30340,40,20,7,7
5240,50340,40,20,7,7
5260,30340,42,20,7,7
5280,50340,42,20,7,7
5300,30340,42,20,7,7
5320,50340,42,20,7,7
5745,30140,00,20,7,7
5765,50140,00,20,7,7
5785,30140,00,20,7,7
5805,50140,00,20,7,7
5825,10140,00,20,7,7
country:156
5745,30140,00,30,17,17
5765,50140,00,30,17,17
5785,30140,00,30,17,17
5805,50140,00,30,17,17
5825,10140,00,30,17,17
country:170
5180,30140,00,17,10,7
5200,50140,00,17,10,7
5220,30140,00,17,10,7
5240,50140,00,17,10,7
5260,30340,42,24,17,14
5280,50340,42,24,17,14
5300,30340,42,24,17,14
5320,50340,42,24,17,14
5500,30340,42,24,17,14
5520,50340,42,24,17,14
5540,30340,42,24,17,14
5560,50340,42,24,17,14
5580,30340,42,24,17,14
5600,50340,42,24,17,14
5620,30340,42,24,17,14
5640,50340,42,24,17,14
5660,30340,42,24,17,14
5680,50340,42,24,17,14
5700,30340,42,24,17,14
5720,50340,42,24,17,17
5745,30140,00,30,23,23
5765,50140,00,30,23,23
5785,30140,00,30,23,23
5805,50140,00,30,23,23
5825,10140,00,30,23,23
country:188
5180,10140,00,17,10,7
5200,10140,00,17,10,7
5220,10140,00,17,10,7
5240,10140,00,17,10,7
5260,10340,42,24,17,14
5280,10340,42,24,17,14
5300,10340,42,24,17,14
5320,10340,42,24,17,14
5500,10340,42,24,17,14
5520,10340,42,24,17,14
5540,10340,42,24,17,14
5560,10340,42,24,17,14
5580,10340,42,24,17,14
5600,10340,42,24,17,14
5620,10340,42,24,17,14
5640,10340,42,24,17,14
5660,10340,42,24,17,14
5680,10340,42,24,17,14
5700,10340,42,24,17,14
5720,10340,42,24,17,17
5745,10140,00,30,23,23
5765,10140,00,30,23,23
5785,10140,00,30,23,23
5805,10140,00,30,23,23
5825,10140,00,30,23,23
country:191
5180,30340,40,20,7,7
5200,50340,40,20,7,7
5220,30340,40,20,7,7
5240,50340,40,20,7,7
5260,30340,42,20,7,7
5280,50340,42,20,7,7
5300,30340,42,20,7,7
5320,50340,42,20,7,7
5500,30340,42,20,14,14
5520,50340,42,20,14,14
5540,30340,42,20,14,14
5560,50340,42,20,14,14
5580,30340,42,20,14,14
5600,50340,42,20,14,14
5620,30340,42,20,14,14
5640,50340,42,20,14,14
5660,30340,42,20,14,14
5680,50340,42,20,14,14
5700,10340,42,20,14,14
country:196
5180,30340,40,20,7,7
5200,50340,40,20,7,7
5220,30340,40,20,7,7
5240,50340,40,20,7,7
5260,30340,42,20,7,7
5280,50340,42,20,7,7
5300,30340,42,20,7,7
5320,50340,42,20,7,7
5500,30340,42,20,14,14
5520,50340,42,20,14,14
5540,30340,42,20,14,14
5560,50340,42,20,14,14
5580,30340,42,20,14,14
5600,50340,42,20,14,14
5620,30340,42,20,14,14
5640,50340,42,20,14,14
5660,30340,42,20,14,14
5680,50340,42,20,14,14
5700,10340,42,20,14,14
country:203
5180,30340,40,20,7,7
5200,50340,40,20,7,7
5220,30340,40,20,7,7
5240,50340,40,20,7,7
5260,30340,42,20,7,7
5280,50340,42,20,7,7
5300,30340,42,20,7,7
5320,50340,42,20,7,7
5500,30340,42,20,14,14
5520,50340,42,20,14,14
5540,30340,42,20,14,14
5560,50340,42,20,14,14
5580,30340,42,20,14,14
5600,50340,42,20,14,14
5620,30340,42,20,14,14
5640,50340,42,20,14,14
5660,30340,42,20,14,14
5680,50340,42,20,14,14
5700,10340,42,20,14,14
country:208
5180,30340,40,20,7,7
5200,50340,40,20,7,7
5220,30340,40,20,7,7
5240,50340,40,20,7,7
5260,30340,42,20,7,7
5280,50340,42,20,7,7
5300,30340,42,20,7,7
5320,50340,42,20,7,7
5500,30340,42,20,14,14
5520,50340,42,20,14,14
5540,30340,42,20,14,14
5560,50340,42,20,14,14
5580,30340,42,20,14,14
5600,50340,42,20,14,14
5620,30340,42,20,14,14
5640,50340,42,20,14,14
5660,30340,42,20,14,14
5680,50340,42,20,14,14
5700,10340,42,20,14,14
country:214
5180,30140,00,17,10,7
5200,50140,00,17,10,7
5220,30140,00,17,10,7
5240,50140,00,17,10,7
5260,30340,42,24,17,14
5280,50340,42,24,17,14
5300,30340,42,24,17,14
5320,50340,42,24,17,14
5500,30340,42,24,17,14
5520,50340,42,24,17,14
5540,30340,42,24,17,14
5560,50340,42,24,17,14
5580,30340,42,24,17,14
5600,50340,42,24,17,14
5620,30340,42,24,17,14
5640,50340,42,24,17,14
5660,30340,42,24,17,14
5680,50340,42,24,17,14
5700,30340,42,24,17,14
5720,50340,42,24,17,17
5745,30140,00,30,23,23
5765,50140,00,30,23,23
5785,30140,00,30,23,23
5805,50140,00,30,23,23
5825,10140,00,30,23,23
country:218
5180,10140,00,17,10,7
5200,10140,00,17,10,7
5220,10140,00,17,10,7
5240,10140,00,17,10,7
5260,10340,42,24,17,14
5280,10340,42,24,17,14
5300,10340,42,24,17,14
5320,10340,42,24,17,14
5500,10340,42,24,17,14
5520,10340,42,24,17,14
5540,10340,42,24,17,14
5560,10340,42,24,17,14
5580,10340,42,24,17,14
5600,10340,42,24,17,14
5620,10340,42,24,17,14
5640,10340,42,24,17,14
5660,10340,42,24,17,14
5680,10340,42,24,17,14
5700,10340,42,24,17,14
5720,10340,42,24,17,17
5745,10140,00,30,23,23
5765,10140,00,30,23,23
5785,10140,00,30,23,23
5805,10140,00,30,23,23
5825,10140,00,30,23,23
country:818
5180,10340,40,20,7,7
5200,10340,40,20,7,7
5220,10340,40,20,7,7
5240,10340,40,20,7,7
5260,10340,42,20,7,7
5280,10340,42,20,7,7
5300,10340,42,20,7,7
5320,10340,42,20,7,7
country:222
5180,10140,00,17,10,7
5200,10140,00,17,10,7
5220,10140,00,17,10,7
5240,10140,00,17,10,7
5260,10340,42,24,17,14
5280,10340,42,24,17,14
5300,10340,42,24,17,14
5320,10340,42,24,17,14
5500,10340,42,24,17,14
5520,10340,42,24,17,14
5540,10340,42,24,17,14
5560,10340,42,24,17,14
5580,10340,42,24,17,14
5600,10340,42,24,17,14
5620,10340,42,24,17,14
5640,10340,42,24,17,14
5660,10340,42,24,17,14
5680,10340,42,24,17,14
5700,10340,42,24,17,14
5720,10340,42,24,17,17
5745,10140,00,30,23,23
5765,10140,00,30,23,23
5785,10140,00,30,23,23
5805,10140,00,30,23,23
5825,10140,00,30,23,23
country:233
5180,30340,40,20,7,7
5200,50340,40,20,7,7
5220,30340,40,20,7,7
5240,50340,40,20,7,7
5260,30340,42,20,7,7
5280,50340,42,20,7,7
5300,30340,42,20,7,7
5320,50340,42,20,7,7
5500,30340,42,20,14,14
5520,50340,42,20,14,14
5540,30340,42,20,14,14
5560,50340,42,20,14,14
5580,30340,42,20,14,14
5600,50340,42,20,14,14
5620,30340,42,20,14,14
5640,50340,42,20,14,14
5660,30340,42,20,14,14
5680,50340,42,20,14,14
5700,10340,42,20,14,14
country:234, empty
country:246
5180,30340,40,20,7,7
5200,50340,40,20,7,7
5220,30340,40,20,7,7
5240,50340,40,20,7,7
5260,30340,42,20,7,7
5280,50340,42,20,7,7
5300,30340,42,20,7,7
5320,50340,42,20,7,7
5500,30340,42,20,14,14
5520,50340,42,20,14,14
5540,30340,42,20,14,14
5560,50340,42,20,14,14
5580,30340,42,20,14,14
5600,50340,42,20,14,14
5620,30340,42,20,14,14
5640,50340,42,20,14,14
5660,30340,42,20,14,14
5680,50340,42,20,14,14
5700,10340,42,20,14,14
country:250
5180,30340,40,20,7,7
5200,50340,40,20,7,7
5220,30340,40,20,7,7
5240,50340,40,20,7,7
5260,30340,42,20,7,7
5280,50340,42,20,7,7
5300,30340,42,20,7,7
5320,50340,42,20,7,7
5500,30340,42,20,14,14
5520,50340,42,20,14,14
5540,30340,42,20,14,14
5560,50340,42,20,14,14
5580,30340,42,20,14,14
5600,50340,42,20,14,14
5620,30340,42,20,14,14
5640,50340,42,20,14,14
5660,30340,42,20,14,14
5680,50340,42,20,14,14
5700,10340,42,20,14,14
country:268
5180,30340,40,18,5,5
5200,50340,40,18,5,5
5220,30340,40,18,5,5
5240,50340,40,18,5,5
5260,30340,42,18,5,5
5280,50340,42,18,5,5
5300,30340,42,18,5,5
5320,50340,42,18,5,5
country:276
5180,1b30340,40,23,7,7
5200,1d50340,40,23,7,7
5220,1b30340,40,23,7,7
5240,1d50340,40,23,7,7
5260,1b30340,1142,23,7,7
5280,1d50340,1142,23,7,7
5300,1b30340,1142,23,7,7
5320,1d50340,1142,23,7,7
5500,1b30340,1242,28,14,14
5520,1d50340,1242,28,14,14
5540,1b30340,1242,28,14,14
5560,1d50340,1242,28,14,14
5580,1b30340,1242,28,14,14
5600,1d50340,1642,28,14,14
5620,1b30340,1642,28,14,14
5640,1d50340,1642,28,14,14
5660,330340,1242,28,14,14
5680,550340,1242,28,14,14
5700,110340,1242,28,14,14
country:300
5180,30340,40,20,7,7
5200,50340,40,20,7,7
5220,30340,40,20,7,7
5240,50340,40,20,7,7
5260,30340,42,20,7,7
5280,50340,42,20,7,7
5300,30340,42,20,7,7
5320,50340,42,20,7,7
5500,30340,42,20,14,14
5520,50340,42,20,14,14
5540,30340,42,20,14,14
5560,50340,42,20,14,14
5580,30340,42,20,14,14
5600,50340,42,20,14,14
5620,30340,42,20,14,14
5640,50340,42,20,14,14
5660,30340,42,20,14,14
5680,50340,42,20,14,14
5700,10340,42,20,14,14
country:304
5180,10340,40,20,7,7
5200,10340,40,20,7,7
5220,10340,40,20,7,7
5240,10340,40,20,7,7
5260,10340,42,20,7,7
5280,10340,42,20,7,7
5300,10340,42,20,7,7
5320,10340,42,20,7,7
5500,10340,42,20,14,14
5520,10340,42,20,14,14
5540,10340,42,20,14,14
5560,10340,42,20,14,14
5580,10340,42,20,14,14
5600,10340,42,20,14,14
5620,10340,42,20,14,14
5640,10340,42,20,14,14
5660,10340,42,20,14,14
5680,10340,42,20,14,14
5700,10340,42,20,14,14
country:308
5180,30140,00,17,10,7
5200,50140,00,17,10,7
5220,30140,00,17,10,7
5240,50140,00,17,10,7
5260,30340,42,24,17,14
5280,50340,42,24,17,14
5300,30340,42,24,17,14
5320,50340,42,24,17,14
5500,30340,42,24,17,14
5520,50340,42,24,17,14
5540,30340,42,24,17,14
5560,50340,42,24,17,14
5580,30340,42,24,17,14
5600,50340,42,24,17,14
5620,30340,42,24,17,14
5640,50340,42,24,17,14
5660,30340,42,24,17,14
5680,50340,42,24,17,14
5700,30340,42,24,17,14
5720,50340,42,24,17,17
5745,30140,00,30,23,23
5765,50140,00,30,23,23
5785,30140,00,30,23,23
5805,50140,00,30,23,23
5825,10140,00,30,23,23
country:316
5180,10140,00,17,10,7
5200,10140,00,17,10,7
5220,10140,00,17,10,7
5240,10140,00,17,10,7
5260,10340,42,24,17,14
5280,10340,42,24,17,14
5300,10340,42,24,17,14
5320,10340,42,24,17,14
5500,10340,42,24,17,14
5520,10340,42,24,17,14
5540,10340,42,24,17,14
5560,10340,42,24,17,14
5580,10340,42,24,17,14
5600,10340,42,24,17,14
5620,10340,42,24,17,14
5640,10340,42,24,17,14
5660,10340,42,24,17,14
5680,10340,42,24,17,14
5700,10340,42,24,17,14
5720,10340,42,24,17,17
5745,10140,00,30,23,23
5765,10140,00,30,23,23
5785,10140,00,30,23,23
5805,10140,00,30,23,23
5825,10140,00,30,23,23
country:320
5180,30140,00,17,10,7
5200,50140,00,17,10,7
5220,30140,00,17,10,7
5240,50140,00,17,10,7
5260,30340,42,24,17,14
5280,50340,42,24,17,14
5300,30340,42,24,17,14
5320,50340,42,24,17,14
5500,30340,42,24,17,14
5520,50340,42,24,17,14
5540,30340,42,24,17,14
5560,50340,42,24,17,14
5580,30340,42,24,17,14
5600,50340,42,24,17,14
5620,30340,42,24,17,14
5640,50340,42,24,17,14
5660,30340,42,24,17,14
5680,50340,42,24,17,14
5700,30340,42,24,17,14
5720,50340,42,24,17,17
5745,30140,00,30,23,23
5765,50140,00,30,23,23
5785,30140,00,30,23,23
5805,50140,00,30,23,23
5825,10140,00,30,23,23
country:332
5180,30340,40,20,7,7
5200,50340,40,20,7,7
5220,30340,40,20,7,7
5240,50340,40,20,7,7
5260,30340,42,20,7,7
5280,50340,42,20,7,7
5300,30340,42,20,7,7
5320,50340,42,20,7,7
5500,30340,42,20,14,14
5520,50340,42,20,14,14
5540,30340,42,20,14,14
5560,50340,42,20,14,14
5580,30340,42,20,14,14
5600,50340,42,20,14,14
5620,30340,42,20,14,14
5640,50340,42,20,14,14
5660,30340,42,20,14,14
5680,50340,42,20,14,14
5700,10340,42,20,14,14
country:340
5180,30140,00,17,10,7
5200,50140,00,17,10,7
5220,30140,00,17,10,7
5240,50140,00,17,10,7
5260,30340,42,24,17,14
5280,50340,42,24,17,14
5300,30340,42,24,17,14
5320,50340,42,24,17,14
5500,30340,42,24,17,14
5520,50340,42,24,17,14
5540,30340,42,24,17,14
5560,50340,42,24,17,14
5580,30340,42,24,17,14
5600,50340,42,24,17,14
5620,30340,42,24,17,14
5640,50340,42,24,17,14
5660,30340,42,24,17,14
5680,50340,42,24,17,14
5700,30340,42,24,17,14
5720,50340,42,24,17,17
5745,30140,00,30,23,23
5765,50140,00,30,23,23
5785,30140,00,30,23,23
5805,50140,00,30,23,23
5825,10140,00,30,23,23
country:344
5180,30140,00,17,10,7
5200,50140,00,17,10,7
5220,30140,00,17,10,7
5240,50140,00,17,10,7
5260,30340,42,24,17,14
5280,50340,42,24,17,14
5300,30340,42,24,17,14
5320,50340,42,24,17,14
5500,30340,42,24,17,14
5520,50340,42,24,17,14
5540,30340,42,24,17,14
5560,50340,42,24,17,14
5580,30340,42,24,17,14
5600,50340,42,24,17,14
5620,30340,42,24,17,14
5640,50340,42,24,17,14
5660,30340,42,24,17,14
5680,50340,42,24,17,14
5700,30340,42,24,17,14
5720,50340,42,24,17,17
5745,30140,00,30,23,23
5765,50140,00,30,23,23
5785,30140,00,30,23,23
5805,50140,00,30,23,23
5825,10140,00,30,23,23
country:348
5180,30340,40,20,7,7
5200,50340,40,20,7,7
5220,30340,40,20,7,7
5240,50340,40,20,7,7
5260,30340,42,20,7,7
5280,50340,42,20,7,7
5300,30340,42,20,7,7
5320,50340,42,20,7,7
5500,30340,42,20,14,14
5520,50340,42,20,14,14
5540,30340,42,20,14,14
5560,50340,42,20,14,14
5580,30340,42,20,14,14
5600,50340,42,20,14,14
5620,30340,42,20,14,14
5640,50340,42,20,14,14
5660,30340,42,20,14,14
5680,50340,42,20,14,14
5700,10340,42,20,14,14
country:352
5180,30340,40,20,7,7
5200,50340,40,20,7,7
5220,30340,40,20,7,7
5240,50340,40,20,7,7
5260,30340,42,20,7,7
5280,50340,42,20,7,7
5300,30340,42,20,7,7
5320,50340,42,20,7,7
5500,30340,42,20,14,14
5520,50340,42,20,14,14
5540,30340,42,20,14,14
5560,50340,42,20,14,14
5580,30340,42,20,14,14
5600,50340,42,20,14,14
5620,30340,42,20,14,14
5640,50340,42,20,14,14
5660,30340,42,20,14,14
5680,50340,42,20,14,14
5700,10340,42,20,14,14
country:356
5180,30340,40,20,7,7
5200,50340,40,20,7,7
5220,30340,40,20,7,7
5240,50340,40,20,7,7
5260,30340,42,20,7,7
5280,50340,42,20,7,7
5300,30340,42,20,7,7
5320,50340,42,20,7,7
5745,30140,00,20,7,7
5765,50140,00,20,7,7
5785,30140,00,20,7,7
5805,50140,00,20,7,7
5825,10140,00,20,7,7
country:360
5745,10140,00,23,10,10
5765,10140,00,23,10,10
5785,10140,00,23,10,10
5805,10140,00,23,10,10
country:364
5745,30140,00,30,17,17
5765,50140,00,30,17,17
5785,30140,00,30,17,17
5805,50140,00,30,17,17
5825,10140,00,30,17,17
country:368, empty
country:372
5180,30340,40,20,7,7
5200,50340,40,20,7,7
5220,30340,40,20,7,7
5240,50340,40,20,7,7
5260,30340,42,20,7,7
5280,50340,42,20,7,7
5300,30340,42,20,7,7
5320,50340,42,20,7,7
5500,30340,42,20,14,14
5520,50340,42,20,14,14
5540,30340,42,20,14,14
5560,50340,42,20,14,14
5580,30340,42,20,14,14
5600,50340,42,20,14,14
5620,30340,42,20,14,14
5640,50340,42,20,14,14
5660,30340,42,20,14,14
5680,50340,42,20,14,14
5700,10340,42,20,14,14
country:376
5180,30340,40,20,7,7
5200,50340,40,20,7,7
5220,30340,40,20,7,7
5240,50340,40,20,7,7
5260,30340,42,20,7,7
5280,50340,42,20,7,7
5300,30340,42,20,7,7
5320,50340,42,20,7,7
country:380
5180,30340,40,20,7,7
5200,50340,40,20,7,7
5220,30340,40,20,7,7
5240,50340,40,20,7,7
5260,30340,42,20,7,7
5280,50340,42,20,7,7
5300,30340,42,20,7,7
5320,50340,42,20,7,7
5500,30340,42,20,14,14
5520,50340,42,20,14,14
5540,30340,42,20,14,14
5560,50340,42,20,14,14
5580,30340,42,20,14,14
5600,50340,42,20,14,14
5620,30340,42,20,14,14
5640,50340,42,20,14,14
5660,30340,42,20,14,14
5680,50340,42,20,14,14
5700,10340,42,20,14,14
country:388
5180,30140,00,17,10,7
5200,50140,00,17,10,7
5220,30140,00,17,10,7
5240,50140,00,17,10,7
5260,30340,42,24,17,14
5280,50340,42,24,17,14
5300,30340,42,24,17,14
5320,50340,42,24,17,14
5500,30340,42,24,17,14
5520,50340,42,24,17,14
5540,30340,42,24,17,14
5560,50340,42,24,17,14
5580,30340,42,24,17,14
5600,50340,42,24,17,14
5620,30340,42,24,17,14
5640,50340,42,24,17,14
5660,30340,42,24,17,14
5680,50340,42,24,17,14
5700,30340,42,24,17,14
5720,50340,42,24,17,17
5745,30140,00,30,23,23
5765,50140,00,30,23,23
5785,30140,00,30,23,23
5805,50140,00,30,23,23
5825,10140,00,30,23,23
country:392
5180,10140,00,23,10,10
5200,10140,00,23,10,10
5220,10140,00,23,10,10
5240,10140,00,23,10,10
5260,10140,42,23,10,10
5280,10140,42,23,10,10
5300,10140,42,23,10,10
5320,10140,42,23,10,10
5500,10140,42,23,10,10
5520,10140,42,23,10,10
5540,10140,42,23,10,10
5560,10140,42,23,10,10
5580,10140,42,23,10,10
5600,10140,42,23,10,10
5620,10140,42,23,10,10
5640,10140,42,23,10,10
5660,10140,42,23,10,10
5680,10140,42,23,10,10
5700,10140,42,23,10,10
country:400
5180,30340,40,18,5,5
5200,50340,40,18,5,5
5220,30340,40,18,5,5
5240,50340,40,18,5,5
country:398, empty
country:404
5745,30140,00,30,17,17
5765,50140,00,30,17,17
5785,30140,00,30,17,17
5805,50140,00,30,17,17
5825,10140,00,30,17,17
country:408
5180,10340,40,20,13,8
5200,10340,40,20,13,8
5220,10340,40,20,13,8
5240,10340,40,20,13,8
5260,10340,42,20,7,7
5280,10340,42,20,7,7
5300,10340,42,20,7,7
5320,10340,42,20,7,7
5500,10340,42,30,29,14
5520,10340,42,30,30,14
5540,10340,42,30,29,14
5560,10340,42,30,30,14
5580,10340,42,30,29,14
5600,10340,42,30,30,14
5620,10340,42,30,29,14
5745,10340,40,30,23,20
5765,10340,40,30,23,20
5785,10340,40,30,23,20
5805,10340,40,30,23,20
country:410
5180,30340,40,20,13,8
5200,50340,40,20,13,8
5220,30340,40,20,13,8
5240,50340,40,20,13,8
5260,30340,42,20,7,7
5280,50340,42,20,7,7
5300,30340,42,20,7,7
5320,50340,42,20,7,7
5500,30340,42,30,30,14
5520,50340,42,30,29,14
5540,30340,42,30,30,14
5560,50340,42,30,29,14
5580,30340,42,30,30,14
5600,50340,42,30,29,14
5620,30340,42,30,30,14
5640,50340,42,30,29,14
5660,30340,42,30,30,14
5680,50340,42,30,29,14
5700,10340,42,30,30,14
5745,30340,40,30,23,20
5765,50340,40,30,23,20
5785,30340,40,30,23,20
5805,50340,40,30,23,20
country:412
5180,30340,40,20,13,8
5200,50340,40,20,13,8
5220,30340,40,20,13,8
5240,50340,40,20,13,8
5260,30340,42,20,7,7
5280,50340,42,20,7,7
5300,30340,42,20,7,7
5320,50340,42,20,7,7
5500,30340,42,30,29,14
5520,50340,42,30,30,14
5540,30340,42,30,29,14
5560,50340,42,30,30,14
5580,30340,42,30,29,14
5600,50340,42,30,30,14
5620,10340,42,30,29,14
5745,30340,40,30,23,20
5765,50340,40,30,23,20
5785,30340,40,30,23,20
5805,50340,40,30,23,20
country:414
5180,30340,40,20,7,7
5200,50340,40,20,7,7
5220,30340,40,20,7,7
5240,50340,40,20,7,7
5260,30340,42,20,7,7
5280,50340,42,20,7,7
5300,30340,42,20,7,7
5320,50340,42,20,7,7
country:428
5180,30340,40,20,7,7
5200,50340,40,20,7,7
5220,30340,40,20,7,7
5240,50340,40,20,7,7
5260,30340,42,20,7,7
5280,50340,42,20,7,7
5300,30340,42,20,7,7
5320,50340,42,20,7,7
5500,30340,42,20,14,14
5520,50340,42,20,14,14
5540,30340,42,20,14,14
5560,50340,42,20,14,14
5580,30340,42,20,14,14
5600,50340,42,20,14,14
5620,30340,42,20,14,14
5640,50340,42,20,14,14
5660,30340,42,20,14,14
5680,50340,42,20,14,14
5700,10340,42,20,14,14
country:422
5745,30140,00,30,17,17
5765,50140,00,30,17,17
5785,30140,00,30,17,17
5805,50140,00,30,17,17
5825,10140,00,30,17,17
country:434, empty
country:438
5180,30340,40,20,7,7
5200,50340,40,20,7,7
5220,30340,40,20,7,7
5240,50340,40,20,7,7
5260,30340,42,20,7,7
5280,50340,42,20,7,7
5300,30340,42,20,7,7
5320,50340,42,20,7,7
5500,30340,42,20,14,14
5520,50340,42,20,14,14
5540,30340,42,20,14,14
5560,50340,42,20,14,14
5580,30340,42,20,14,14
5600,50340,42,20,14,14
5620,30340,42,20,14,14
5640,50340,42,20,14,14
5660,30340,42,20,14,14
5680,50340,42,20,14,14
5700,10340,42,20,14,14
country:440
5180,30340,40,20,7,7
5200,50340,40,20,7,7
5220,30340,40,20,7,7
5240,50340,40,20,7,7
5260,30340,42,20,7,7
5280,50340,42,20,7,7
5300,30340,42,20,7,7
5320,50340,42,20,7,7
5500,30340,42,20,14,14
5520,50340,42,20,14,14
5540,30340,42,20,14,14
5560,50340,42,20,14,14
5580,30340,42,20,14,14
5600,50340,42,20,14,14
5620,30340,42,20,14,14
5640,50340,42,20,14,14
5660,30340,42,20,14,14
5680,50340,42,20,14,14
5700,10340,42,20,14,14
country:442
5180,30340,40,20,7,7
5200,50340,40,20,7,7
5220,30340,40,20,7,7
5240,50340,40,20,7,7
5260,30340,42,20,7,7
5280,50340,42,20,7,7
5300,30340,42,20,7,7
5320,50340,42,20,7,7
5500,30340,42,20,14,14
5520,50340,42,20,14,14
5540,30340,42,20,14,14
5560,50340,42,20,14,14
5580,30340,42,20,14,14
5600,50340,42,20,14,14
5620,30340,42,20,14,14
5640,50340,42,20,14,14
5660,30340,42,20,14,14
5680,50340,42,20,14,14
5700,10340,42,20,14,14
country:446
5180,30140,00,17,10,7
5200,50140,00,17,10,7
5220,30140,00,17,10,7
5240,50140,00,17,10,7
5260,30340,42,24,17,14
5280,50340,42,24,17,14
5300,30340,42,24,17,14
5320,50340,42,24,17,14
5500,30340,42,24,17,14
5520,50340,42,24,17,14
5540,30340,42,24,17,14
5560,50340,42,24,17,14
5580,30340,42,24,17,14
5600,50340,42,24,17,14
5620,30340,42,24,17,14
5640,50340,42,24,17,14
5660,30340,42,24,17,14
5680,50340,42,24,17,14
5700,30340,42,24,17,14
5720,50340,42,24,17,17
5745,30140,00,30,23,23
5765,50140,00,30,23,23
5785,30140,00,30,23,23
5805,50140,00,30,23,23
5825,10140,00,30,23,23
country:807
5180,30340,40,20,7,7
5200,50340,40,20,7,7
5220,30340,40,20,7,7
5240,50340,40,20,7,7
5260,30340,42,20,7,7
5280,50340,42,20,7,7
5300,30340,42,20,7,7
5320,50340,42,20,7,7
5500,30340,42,20,14,14
5520,50340,42,20,14,14
5540,30340,42,20,14,14
5560,50340,42,20,14,14
5580,30340,42,20,14,14
5600,50340,42,20,14,14
5620,30340,42,20,14,14
5640,50340,42,20,14,14
5660,30340,42,20,14,14
5680,50340,42,20,14,14
5700,10340,42,20,14,14
country:458
5180,30140,00,17,10,7
5200,50140,00,17,10,7
5220,30140,00,17,10,7
5240,50140,00,17,10,7
5260,30340,42,24,17,14
5280,50340,42,24,17,14
5300,30340,42,24,17,14
5320,50340,42,24,17,14
5500,30340,42,24,17,14
5520,50340,42,24,17,14
5540,30340,42,24,17,14
5560,50340,42,24,17,14
5580,30340,42,24,17,14
5600,50340,42,24,17,14
5620,30340,42,24,17,14
5640,50340,42,24,17,14
5660,30340,42,24,17,14
5680,50340,42,24,17,14
5700,30340,42,24,17,14
5720,50340,42,24,17,17
5745,30140,00,30,23,23
5765,50140,00,30,23,23
5785,30140,00,30,23,23
5805,50140,00,30,23,23
5825,10140,00,30,23,23
country:462, empty
country:470
5180,30340,40,20,7,7
5200,50340,40,20,7,7
5220,30340,40,20,7,7
5240,50340,40,20,7,7
5260,30340,42,20,7,7
5280,50340,42,20,7,7
5300,30340,42,20,7,7
5320,50340,42,20,7,7
5500,30340,42,20,14,14
5520,50340,42,20,14,14
5540,30340,42,20,14,14
5560,50340,42,20,14,14
5580,30340,42,20,14,14
5600,50340,42,20,14,14
5620,30340,42,20,14,14
5640,50340,42,20,14,14
5660,30340,42,20,14,14
5680,50340,42,20,14,14
5700,10340,42,20,14,14
country:480
5180,30340,40,20,7,7
5200,50340,40,20,7,7
5220,30340,40,20,7,7
5240,50340,40,20,7,7
5260,30340,42,20,7,7
5280,50340,42,20,7,7
5300,30340,42,20,7,7
5320,50340,42,20,7,7
5500,30340,42,20,14,14
5520,50340,42,20,14,14
5540,30340,42,20,14,14
5560,50340,42,20,14,14
5580,30340,42,20,14,14
5600,50340,42,20,14,14
5620,30340,42,20,14,14
5640,50340,42,20,14,14
5660,30340,42,20,14,14
5680,50340,42,20,14,14
5700,10340,42,20,14,14
country:484
5180,30140,00,17,10,7
5200,50140,00,17,10,7
5220,30140,00,17,10,7
5240,50140,00,17,10,7
5260,30340,42,24,17,14
5280,50340,42,24,17,14
5300,30340,42,24,17,14
5320,50340,42,24,17,14
5500,30340,42,24,17,14
5520,50340,42,24,17,14
5540,30340,42,24,17,14
5560,50340,42,24,17,14
5580,30340,42,24,17,14
5600,50340,42,24,17,14
5620,30340,42,24,17,14
5640,50340,42,24,17,14
5660,30340,42,24,17,14
5680,50340,42,24,17,14
5700,30340,42,24,17,14
5720,50340,42,24,17,17
5745,30140,00,30,23,23
5765,50140,00,30,23,23
5785,30140,00,30,23,23
5805,50140,00,30,23,23
5825,10140,00,30,23,23
country:492
5180,30340,40,18,5,5
5200,50340,40,18,5,5
5220,30340,40,18,5,5
5240,50340,40,18,5,5
5260,30340,42,18,5,5
5280,50340,42,18,5,5
5300,30340,42,18,5,5
5320,50340,42,18,5,5
country:504
5180,30140,00,20,7,7
5200,50140,00,20,7,7
5220,30140,00,20,7,7
5240,50140,00,20,7,7
5745,30140,00,20,7,7
5765,50140,00,20,7,7
5785,30140,00,20,7,7
5805,50140,00,20,7,7
5825,10140,00,20,7,7
country:511
5180,30100,00,30,23,7
5200,50100,00,30,23,7
5220,30100,00,30,23,7
5240,50100,00,30,23,7
5260,30100,00,30,23,14
5280,50100,00,30,23,14
5300,30100,00,30,23,14
5320,50100,00,30,23,14
5500,30100,00,30,23,14
5520,50100,00,30,23,14
5540,30100,00,30,23,14
5560,50100,00,30,23,14
5580,30100,00,30,23,14
5600,50100,00,30,23,14
5620,30100,00,30,23,14
5640,50100,00,30,23,14
5660,30100,00,30,23,14
5680,50100,00,30,23,14
5700,30100,00,30,23,14
5720,50100,00,30,23,23
5745,30100,00,30,23,23
5765,50100,00,30,23,23
5785,30100,00,30,23,23
5805,50100,00,30,23,23
5825,10100,00,30,23,23
country:524
5745,30140,00,30,17,17
5765,50140,00,30,17,17
5785,30140,00,30,17,17
5805,50140,00,30,17,17
5825,10140,00,30,17,17
country:528
5180,30340,40,20,7,7
5200,50340,40,20,7,7
5220,30340,40,20,7,7
5240,50340,40,20,7,7
5260,30340,42,20,7,7
5280,50340,42,20,7,7
5300,30340,42,20,7,7
5320,50340,42,20,7,7
5500,30340,42,20,14,14
5520,50340,42,20,14,14
5540,30340,42,20,14,14
5560,50340,42,20,14,14
5580,30340,42,20,14,14
5600,50340,42,20,14,14
5620,30340,42,20,14,14
5640,50340,42,20,14,14
5660,30340,42,20,14,14
5680,50340,42,20,14,14
5700,10340,42,20,14,14
country:530
5180,30340,40,20,7,7
5200,50340,40,20,7,7
5220,30340,40,20,7,7
5240,50340,40,20,7,7
5260,30340,42,20,7,7
5280,50340,42,20,7,7
5300,30340,42,20,7,7
5320,50340,42,20,7,7
5500,30340,42,20,14,14
5520,50340,42,20,14,14
5540,30340,42,20,14,14
5560,50340,42,20,14,14
5580,30340,42,20,14,14
5600,50340,42,20,14,14
5620,30340,42,20,14,14
5640,50340,42,20,14,14
5660,30340,42,20,14,14
5680,50340,42,20,14,14
5700,10340,42,20,14,14
country:533
5180,30340,40,20,7,7
5200,50340,40,20,7,7
5220,30340,40,20,7,7
5240,50340,40,20,7,7
5260,30340,42,20,7,7
5280,50340,42,20,7,7
5300,30340,42,20,7,7
5320,50340,42,20,7,7
5500,30340,42,20,14,14
5520,50340,42,20,14,14
5540,30340,42,20,14,14
5560,50340,42,20,14,14
5580,30340,42,20,14,14
5600,50340,42,20,14,14
5620,30340,42,20,14,14
5640,50340,42,20,14,14
5660,30340,42,20,14,14
5680,50340,42,20,14,14
5700,10340,42,20,14,14
country:554
5180,30140,00,17,10,7
5200,50140,00,17,10,7
5220,30140,00,17,10,7
5240,50140,00,17,10,7
5260,30340,42,24,17,14
5280,50340,42,24,17,14
5300,30340,42,24,17,14
5320,50340,42,24,17,14
5500,30340,42,24,17,14
5520,50340,42,24,17,14
5540,30340,42,24,17,14
5560,50340,42,24,17,14
5580,30340,42,24,17,14
5600,50340,42,24,17,14
5620,30340,42,24,17,14
5640,50340,42,24,17,14
5660,30340,42,24,17,14
5680,50340,42,24,17,14
5700,30340,42,24,17,14
5720,50340,42,24,17,17
5745,30140,00,30,23,23
5765,50140,00,30,23,23
5785,30140,00,30,23,23
5805,50140,00,30,23,23
5825,10140,00,30,23,23
country:558
5180,30140,00,17,10,7
5200,50140,00,17,10,7
5220,30140,00,17,10,7
5240,50140,00,17,10,7
5260,30340,42,24,17,14
5280,50340,42,24,17,14
5300,30340,42,24,17,14
5320,50340,42,24,17,14
5500,30340,42,24,17,14
5520,50340,42,24,17,14
5540,30340,42,24,17,14
5560,50340,42,24,17,14
5580,30340,42,24,17,14
5600,50340,42,24,17,14
5620,30340,42,24,17,14
5640,50340,42,24,17,14
5660,30340,42,24,17,14
5680,50340,42,24,17,14
5700,30340,42,24,17,14
5720,50340,42,24,17,17
5745,30140,00,30,23,23
5765,50140,00,30,23,23
5785,30140,00,30,23,23
5805,50140,00,30,23,23
5825,10140,00,30,23,23
country:578
5180,30340,40,20,7,7
5200,50340,40,20,7,7
5220,30340,40,20,7,7
5240,50340,40,20,7,7
5260,30340,42,20,7,7
5280,50340,42,20,7,7
5300,30340,42,20,7,7
5320,50340,42,20,7,7
5500,30340,42,20,14,14
5520,50340,42,20,14,14
5540,30340,42,20,14,14
5560,50340,42,20,14,14
5580,30340,42,20,14,14
5600,50340,42,20,14,14
5620,30340,42,20,14,14
5640,50340,42,20,14,14
5660,30340,42,20,14,14
5680,50340,42,20,14,14
5700,10340,42,20,14,14
country:512
5180,30140,00,17,10,7
5200,50140,00,17,10,7
5220,30140,00,17,10,7
5240,50140,00,17,10,7
5260,30340,42,24,17,14
5280,50340,42,24,17,14
5300,30340,42,24,17,14
5320,50340,42,24,17,14
5500,30340,42,24,17,14
5520,50340,42,24,17,14
5540,30340,42,24,17,14
5560,50340,42,24,17,14
5580,30340,42,24,17,14
5600,50340,42,24,17,14
5620,30340,42,24,17,14
5640,50340,42,24,17,14
5660,30340,42,24,17,14
5680,50340,42,24,17,14
5700,30340,42,24,17,14
5720,50340,42,24,17,17
5745,30140,00,30,23,23
5765,50140,00,30,23,23
5785,30140,00,30,23,23
5805,50140,00,30,23,23
5825,10140,00,30,23,23
country:586
5745,30140,00,30,17,17
5765,50140,00,30,17,17
5785,30140,00,30,17,17
5805,50140,00,30,17,17
5825,10140,00,30,17,17
country:591
5180,30140,00,17,10,7
5200,50140,00,17,10,7
5220,30140,00,17,10,7
5240,50140,00,17,10,7
5260,30340,42,24,17,14
5280,50340,42,24,17,14
5300,30340,42,24,17,14
5320,50340,42,24,17,14
5500,30340,42,24,17,14
5520,50340,42,24,17,14
5540,30340,42,24,17,14
5560,50340,42,24,17,14
5580,30340,42,24,17,14
5600,50340,42,24,17,14
5620,30340,42,24,17,14
5640,50340,42,24,17,14
5660,30340,42,24,17,14
5680,50340,42,24,17,14
5700,30340,42,24,17,14
5720,50340,42,24,17,17
5745,30140,00,30,23,23
5765,50140,00,30,23,23
5785,30140,00,30,23,23
5805,50140,00,30,23,23
5825,10140,00,30,23,23
country:598
5180,30140,00,17,10,7
5200,50140,00,17,10,7
5220,30140,00,17,10,7
5240,50140,00,17,10,7
5260,30340,42,24,17,14
5280,50340,42,24,17,14
5300,30340,42,24,17,14
5320,50340,42,24,17,14
5500,30340,42,24,17,14
5520,50340,42,24,17,14
5540,30340,42,24,17,14
5560,50340,42,24,17,14
5580,30340,42,24,17,14
5600,50340,42,24,17,14
5620,30340,42,24,17,14
5640,50340,42,24,17,14
5660,30340,42,24,17,14
5680,50340,42,24,17,14
5700,30340,42,24,17,14
5720,50340,42,24,17,17
5745,30140,00,30,23,23
5765,50140,00,30,23,23
5785,30140,00,30,23,23
5805,50140,00,30,23,23
5825,10140,00,30,23,23
country:600
5180,30140,00,17,10,7
5200,50140,00,17,10,7
5220,30140,00,17,10,7
5240,50140,00,17,10,7
5260,30340,42,24,17,14
5280,50340,42,24,17,14
5300,30340,42,24,17,14
5320,50340,42,24,17,14
5500,30340,42,24,17,14
5520,50340,42,24,17,14
5540,30340,42,24,17,14
5560,50340,42,24,17,14
5580,30340,42,24,17,14
5600,50340,42,24,17,14
5620,30340,42,24,17,14
5640,50340,42,24,17,14
5660,30340,42,24,17,14
5680,50340,42,24,17,14
5700,30340,42,24,17,14
5720,50340,42,24,17,17
5745,30140,00,30,23,23
5765,50140,00,30,23,23
5785,30140,00,30,23,23
5805,50140,00,30,23,23
5825,10140,00,30,23,23
country:604
5180,30140,00,17,10,7
5200,50140,00,17,10,7
5220,30140,00,17,10,7
5240,50140,00,17,10,7
5260,30340,42,24,17,14
5280,50340,42,24,17,14
5300,30340,42,24,17,14
5320,50340,42,24,17,14
5500,30340,42,24,17,14
5520,50340,42,24,17,14
5540,30340,42,24,17,14
5560,50340,42,24,17,14
5580,30340,42,24,17,14
5600,50340,42,24,17,14
5620,30340,42,24,17,14
5640,50340,42,24,17,14
5660,30340,42,24,17,14
5680,50340,42,24,17,14
5700,30340,42,24,17,14
5720,50340,42,24,17,17
5745,30140,00,30,23,23
5765,50140,00,30,23,23
5785,30140,00,30,23,23
5805,50140,00,30,23,23
5825,10140,00,30,23,23
country:608
5180,30140,00,17,10,7
5200,50140,00,17,10,7
5220,30140,00,17,10,7
5240,50140,00,17,10,7
5260,30340,42,24,17,14
5280,50340,42,24,17,14
5300,30340,42,24,17,14
5320,50340,42,24,17,14
5500,30340,42,24,17,14
5520,50340,42,24,17,14
5540,30340,42,24,17,14
5560,50340,42,24,17,14
5580,30340,42,24,17,14
5600,50340,42,24,17,14
5620,30340,42,24,17,14
5640,50340,42,24,17,14
5660,30340,42,24,17,14
5680,50340,42,24,17,14
5700,30340,42,24,17,14
5720,50340,42,24,17,17
5745,30140,00,30,23,23
5765,50140,00,30,23,23
5785,30140,00,30,23,23
5805,50140,00,30,23,23
5825,10140,00,30,23,23
country:616
5180,30340,40,20,7,7
5200,50340,40,20,7,7
5220,30340,40,20,7,7
5240,50340,40,20,7,7
5260,30340,42,20,7,7
5280,50340,42,20,7,7
5300,30340,42,20,7,7
5320,50340,42,20,7,7
5500,30340,42,20,14,14
5520,50340,42,20,14,14
5540,30340,42,20,14,14
5560,50340,42,20,14,14
5580,30340,42,20,14,14
5600,50340,42,20,14,14
5620,30340,42,20,14,14
5640,50340,42,20,14,14
5660,30340,42,20,14,14
5680,50340,42,20,14,14
5700,10340,42,20,14,14
country:620
5180,30340,40,20,7,7
5200,50340,40,20,7,7
5220,30340,40,20,7,7
5240,50340,40,20,7,7
5260,30340,42,20,7,7
5280,50340,42,20,7,7
5300,30340,42,20,7,7
5320,50340,42,20,7,7
5500,30340,42,20,14,14
5520,50340,42,20,14,14
5540,30340,42,20,14,14
5560,50340,42,20,14,14
5580,30340,42,20,14,14
5600,50340,42,20,14,14
5620,30340,42,20,14,14
5640,50340,42,20,14,14
5660,30340,42,20,14,14
5680,50340,42,20,14,14
5700,10340,42,20,14,14
country:630
5180,30140,00,17,10,7
5200,50140,00,17,10,7
5220,30140,00,17,10,7
5240,50140,00,17,10,7
5260,30340,42,24,17,14
5280,50340,42,24,17,14
5300,30340,42,24,17,14
5320,50340,42,24,17,14
5500,30340,42,24,17,14
5520,50340,42,24,17,14
5540,30340,42,24,17,14
5560,50340,42,24,17,14
5580,30340,42,24,17,14
5600,50340,42,24,17,14
5620,30340,42,24,17,14
5640,50340,42,24,17,14
5660,30340,42,24,17,14
5680,50340,42,24,17,14
5700,30340,42,24,17,14
5720,50340,42,24,17,17
5745,30140,00,30,23,23
5765,50140,00,30,23,23
5785,30140,00,30,23,23
5805,50140,00,30,23,23
5825,10140,00,30,23,23
country:634
5745,30140,00,30,17,17
5765,50140,00,30,17,17
5785,30140,00,30,17,17
5805,50140,00,30,17,17
5825,10140,00,30,17,17
country:642
5180,30340,40,20,7,7
5200,50340,40,20,7,7
5220,30340,40,20,7,7
5240,50340,40,20,7,7
5260,30340,42,20,7,7
5280,50340,42,20,7,7
5300,30340,42,20,7,7
5320,50340,42,20,7,7
5500,30340,42,20,14,14
5520,50340,42,20,14,14
5540,30340,42,20,14,14
5560,50340,42,20,14,14
5580,30340,42,20,14,14
5600,50340,42,20,14,14
5620,30340,42,20,14,14
5640,50340,42,20,14,14
5660,30340,42,20,14,14
5680,50340,42,20,14,14
5700,10340,42,20,14,14
country:643
5180,30340,40,20,7,7
5200,50340,40,20,7,7
5220,30340,40,20,7,7
5240,50340,40,20,7,7
5260,30340,42,20,7,7
5280,50340,42,20,7,7
5300,30340,42,20,7,7
5320,50340,42,20,7,7
5660,30340,42,20,13,13
5680,50340,42,20,13,13
5700,10340,42,20,13,13
5745,30140,40,20,7,7
5765,50140,40,20,7,7
5785,30140,40,20,7,7
5805,50140,40,20,7,7
country:646
5745,30140,00,30,17,17
5765,50140,00,30,17,17
5785,30140,00,30,17,17
5805,50140,00,30,17,17
5825,10140,00,30,17,17
country:682
5180,10140,00,17,10,7
5200,10140,00,17,10,7
5220,10140,00,17,10,7
5240,10140,00,17,10,7
5260,10340,42,24,17,14
5280,10340,42,24,17,14
5300,10340,42,24,17,14
5320,10340,42,24,17,14
5500,10340,42,24,17,14
5520,10340,42,24,17,14
5540,10340,42,24,17,14
5560,10340,42,24,17,14
5580,10340,42,24,17,14
5600,10340,42,24,17,14
5620,10340,42,24,17,14
5640,10340,42,24,17,14
5660,10340,42,24,17,14
5680,10340,42,24,17,14
5700,10340,42,24,17,14
5720,10340,42,24,17,17
5745,10140,00,30,23,23
5765,10140,00,30,23,23
5785,10140,00,30,23,23
5805,10140,00,30,23,23
5825,10140,00,30,23,23
country:688
5180,30340,40,20,7,7
5200,50340,40,20,7,7
5220,30340,40,20,7,7
5240,50340,40,20,7,7
5260,30340,42,20,7,7
5280,50340,42,20,7,7
5300,30340,42,20,7,7
5320,50340,42,20,7,7
5500,30340,42,20,14,14
5520,50340,42,20,14,14
5540,30340,42,20,14,14
5560,50340,42,20,14,14
5580,30340,42,20,14,14
5600,50340,42,20,14,14
5620,30340,42,20,14,14
5640,50340,42,20,14,14
5660,30340,42,20,14,14
5680,50340,42,20,14,14
5700,10340,42,20,14,14
country:499
5180,30340,40,20,7,7
5200,50340,40,20,7,7
5220,30340,40,20,7,7
5240,50340,40,20,7,7
5260,30340,42,20,7,7
5280,50340,42,20,7,7
5300,30340,42,20,7,7
5320,50340,42,20,7,7
5500,30340,42,20,14,14
5520,50340,42,20,14,14
5540,30340,42,20,14,14
5560,50340,42,20,14,14
5580,30340,42,20,14,14
5600,50340,42,20,14,14
5620,30340,42,20,14,14
5640,50340,42,20,14,14
5660,30340,42,20,14,14
5680,50340,42,20,14,14
5700,10340,42,20,14,14
country:702
5180,30140,00,17,10,7
5200,50140,00,17,10,7
5220,30140,00,17,10,7
5240,50140,00,17,10,7
5260,30340,42,24,17,14
5280,50340,42,24,17,14
5300,30340,42,24,17,14
5320,50340,42,24,17,14
5500,30340,42,24,17,14
5520,50340,42,24,17,14
5540,30340,42,24,17,14
5560,50340,42,24,17,14
5580,30340,42,24,17,14
5600,50340,42,24,17,14
5620,30340,42,24,17,14
5640,50340,42,24,17,14
5660,30340,42,24,17,14
5680,50340,42,24,17,14
5700,30340,42,24,17,14
5720,50340,42,24,17,17
5745,30140,00,30,23,23
5765,50140,00,30,23,23
5785,30140,00,30,23,23
5805,50140,00,30,23,23
5825,10140,00,30,23,23
country:703
5180,30340,40,20,7,7
5200,50340,40,20,7,7
5220,30340,40,20,7,7
5240,50340,40,20,7,7
5260,30340,42,20,7,7
5280,50340,42,20,7,7
5300,30340,42,20,7,7
5320,50340,42,20,7,7
5500,30340,42,20,14,14
5520,50340,42,20,14,14
5540,30340,42,20,14,14
5560,50340,42,20,14,14
5580,30340,42,20,14,14
5600,50340,42,20,14,14
5620,30340,42,20,14,14
5640,50340,42,20,14,14
5660,30340,42,20,14,14
5680,50340,42,20,14,14
5700,10340,42,20,14,14
country:705
5180,30340,40,20,7,7
5200,50340,40,20,7,7
5220,30340,40,20,7,7
5240,50340,40,20,7,7
5260,30340,42,20,7,7
5280,50340,42,20,7,7
5300,30340,42,20,7,7
5320,50340,42,20,7,7
5500,30340,42,20,14,14
5520,50340,42,20,14,14
5540,30340,42,20,14,14
5560,50340,42,20,14,14
5580,30340,42,20,14,14
5600,50340,42,20,14,14
5620,30340,42,20,14,14
5640,50340,42,20,14,14
5660,30340,42,20,14,14
5680,50340,42,20,14,14
5700,10340,42,20,14,14
country:710
5180,30140,00,17,10,7
5200,50140,00,17,10,7
5220,30140,00,17,10,7
5240,50140,00,17,10,7
5260,30340,42,24,17,14
5280,50340,42,24,17,14
5300,30340,42,24,17,14
5320,50340,42,24,17,14
5500,30340,42,24,17,14
5520,50340,42,24,17,14
5540,30340,42,24,17,14
5560,50340,42,24,17,14
5580,30340,42,24,17,14
5600,50340,42,24,17,14
5620,30340,42,24,17,14
5640,50340,42,24,17,14
5660,30340,42,24,17,14
5680,50340,42,24,17,14
5700,30340,42,24,17,14
5720,50340,42,24,17,17
5745,30140,00,30,23,23
5765,50140,00,30,23,23
5785,30140,00,30,23,23
5805,50140,00,30,23,23
5825,10140,00,30,23,23
country:724
5180,30340,40,20,7,7
5200,50340,40,20,7,7
5220,30340,40,20,7,7
5240,50340,40,20,7,7
5260,30340,42,20,7,7
5280,50340,42,20,7,7
5300,30340,42,20,7,7
5320,50340,42,20,7,7
5500,30340,42,20,14,14
5520,50340,42,20,14,14
5540,30340,42,20,14,14
5560,50340,42,20,14,14
5580,30340,42,20,14,14
5600,50340,42,20,14,14
5620,30340,42,20,14,14
5640,50340,42,20,14,14
5660,30340,42,20,14,14
5680,50340,42,20,14,14
5700,10340,42,20,14,14
country:144
5180,10140,00,17,10,7
5200,10140,00,17,10,7
5220,10140,00,17,10,7
5240,10140,00,17,10,7
5260,10340,42,24,17,14
5280,10340,42,24,17,14
5300,10340,42,24,17,14
5320,10340,42,24,17,14
5500,10340,42,24,17,14
5520,10340,42,24,17,14
5540,10340,42,24,17,14
5560,10340,42,24,17,14
5580,10340,42,24,17,14
5600,10340,42,24,17,14
5620,10340,42,24,17,14
5640,10340,42,24,17,14
5660,10340,42,24,17,14
5680,10340,42,24,17,14
5700,10340,42,24,17,14
5720,10340,42,24,17,17
5745,10140,00,30,23,23
5765,10140,00,30,23,23
5785,10140,00,30,23,23
5805,10140,00,30,23,23
5825,10140,00,30,23,23
country:752
5180,30340,40,20,7,7
5200,50340,40,20,7,7
5220,30340,40,20,7,7
5240,50340,40,20,7,7
5260,30340,42,20,7,7
5280,50340,42,20,7,7
5300,30340,42,20,7,7
5320,50340,42,20,7,7
5500,30340,42,20,14,14
5520,50340,42,20,14,14
5540,30340,42,20,14,14
5560,50340,42,20,14,14
5580,30340,42,20,14,14
5600,50340,42,20,14,14
5620,30340,42,20,14,14
5640,50340,42,20,14,14
5660,30340,42,20,14,14
5680,50340,42,20,14,14
5700,10340,42,20,14,14
country:756
5180,30340,40,20,7,7
5200,50340,40,20,7,7
5220,30340,40,20,7,7
5240,50340,40,20,7,7
5260,30340,42,20,7,7
5280,50340,42,20,7,7
5300,30340,42,20,7,7
5320,50340,42,20,7,7
5500,30340,42,20,14,14
5520,50340,42,20,14,14
5540,30340,42,20,14,14
5560,50340,42,20,14,14
5580,30340,42,20,14,14
5600,50340,42,20,14,14
5620,30340,42,20,14,14
5640,50340,42,20,14,14
5660,30340,42,20,14,14
5680,50340,42,20,14,14
5700,10340,42,20,14,14
country:760, empty
country:158
5280,10340,42,17,10,10
5300,30340,42,17,10,10
5320,50340,42,17,10,10
5500,30340,42,30,23,14
5520,50340,42,30,23,14
5540,30340,42,30,23,14
5560,50340,42,30,23,14
5580,10340,42,30,23,14
5660,30340,42,30,23,14
5680,50340,42,30,23,14
5700,10340,42,30,23,14
5745,30340,40,30,23,23
5765,50340,40,30,23,23
5785,30340,40,30,23,23
5805,50340,40,30,23,23
5825,10340,40,30,23,23
country:834
5745,30140,00,30,17,17
5765,50140,00,30,17,17
5785,30140,00,30,17,17
5805,50140,00,30,17,17
5825,10140,00,30,17,17
country:764
5180,30140,00,17,10,7
5200,50140,00,17,10,7
5220,30140,00,17,10,7
5240,50140,00,17,10,7
5260,30340,42,24,17,14
5280,50340,42,24,17,14
5300,30340,42,24,17,14
5320,50340,42,24,17,14
5500,30340,42,24,17,14
5520,50340,42,24,17,14
5540,30340,42,24,17,14
5560,50340,42,24,17,14
5580,30340,42,24,17,14
5600,50340,42,24,17,14
5620,30340,42,24,17,14
5640,50340,42,24,17,14
5660,30340,42,24,17,14
5680,50340,42,24,17,14
5700,30340,42,24,17,14
5720,50340,42,24,17,17
5745,30140,00,30,23,23
5765,50140,00,30,23,23
5785,30140,00,30,23,23
5805,50140,00,30,23,23
5825,10140,00,30,23,23
country:780
5180,30140,00,17,10,7
5200,50140,00,17,10,7
5220,30140,00,17,10,7
5240,50140,00,17,10,7
5260,30340,42,24,17,14
5280,50340,42,24,17,14
5300,30340,42,24,17,14
5320,50340,42,24,17,14
5500,30340,42,24,17,14
5520,50340,42,24,17,14
5540,30340,42,24,17,14
5560,50340,42,24,17,14
5580,30340,42,24,17,14
5600,50340,42,24,17,14
5620,30340,42,24,17,14
5640,50340,42,24,17,14
5660,30340,42,24,17,14
5680,50340,42,24,17,14
5700,30340,42,24,17,14
5720,50340,42,24,17,17
5745,30140,00,30,23,23
5765,50140,00,30,23,23
5785,30140,00,30,23,23
5805,50140,00,30,23,23
5825,10140,00,30,23,23
country:788
5180,10340,40,20,7,7
5200,10340,40,20,7,7
5220,10340,40,20,7,7
5240,10340,40,20,7,7
5260,10340,42,20,7,7
5280,10340,42,20,7,7
5300,10340,42,20,7,7
5320,10340,42,20,7,7
country:792
5180,10340,40,20,7,7
5200,10340,40,20,7,7
5220,10340,40,20,7,7
5240,10340,40,20,7,7
5260,10340,42,20,7,7
5280,10340,42,20,7,7
5300,10340,42,20,7,7
5320,10340,42,20,7,7
country:784
5180,30340,40,20,7,7
5200,50340,40,20,7,7
5220,30340,40,20,7,7
5240,50340,40,20,7,7
5260,30340,42,20,7,7
5280,50340,42,20,7,7
5300,30340,42,20,7,7
5320,50340,42,20,7,7
5500,30340,42,20,14,14
5520,50340,42,20,14,14
5540,30340,42,20,14,14
5560,50340,42,20,14,14
5580,30340,42,20,14,14
5600,50340,42,20,14,14
5620,30340,42,20,14,14
5640,50340,42,20,14,14
5660,30340,42,20,14,14
5680,50340,42,20,14,14
5700,10340,42,20,14,14
country:800
5180,30340,40,20,13,8
5200,50340,40,20,13,8
5220,30340,40,20,13,8
5240,50340,40,20,13,8
5260,30340,42,20,7,7
5280,50340,42,20,7,7
5300,30340,42,20,7,7
5320,50340,42,20,7,7
5500,30340,42,30,29,14
5520,50340,42,30,30,14
5540,30340,42,30,29,14
5560,50340,42,30,30,14
5580,30340,42,30,29,14
5600,50340,42,30,30,14
5620,30340,42,30,29,14
5640,50340,42,30,30,14
5660,30340,42,30,29,14
5680,50340,42,30,30,14
5700,10340,42,30,29,14
5745,30340,40,30,23,20
5765,50340,40,30,23,20
5785,30340,40,30,23,20
5805,50340,40,30,23,20
country:804
5180,30340,40,20,7,7
5200,50340,40,20,7,7
5220,30340,40,20,7,7
5240,50340,40,20,7,7
5260,30340,42,20,7,7
5280,50340,42,20,7,7
5300,30340,42,20,7,7
5320,50340,42,20,7,7
5500,30340,42,20,7,7
5520,50340,42,20,7,7
5540,30340,42,20,7,7
5560,50340,42,20,7,7
5580,30340,42,20,7,7
5600,50340,42,20,7,7
5620,30340,42,20,7,7
5640,50340,42,20,7,7
5660,10340,42,20,7,7
5745,30340,40,20,13,13
5765,50340,40,20,13,13
5785,30340,40,20,13,13
5805,50340,40,20,13,13
5825,10340,40,20,13,13
country:826
5180,30340,40,20,7,7
5200,50340,40,20,7,7
5220,30340,40,20,7,7
5240,50340,40,20,7,7
5260,30340,42,20,7,7
5280,50340,42,20,7,7
5300,30340,42,20,7,7
5320,50340,42,20,7,7
5500,30340,42,20,14,14
5520,50340,42,20,14,14
5540,30340,42,20,14,14
5560,50340,42,20,14,14
5580,30340,42,20,14,14
5600,50340,42,20,14,14
5620,30340,42,20,14,14
5640,50340,42,20,14,14
5660,30340,42,20,14,14
5680,50340,42,20,14,14
5700,10340,42,20,14,14
country:840
5180,30140,00,23,16,7
5200,50140,00,23,16,7
5220,30140,00,23,16,7
5240,50140,00,23,16,7
5260,30340,42,23,16,14
5280,50340,42,23,16,14
5300,30340,42,23,16,14
5320,50340,42,23,16,14
5500,30340,42,23,16,14
5520,50340,42,23,16,14
5540,30340,42,23,16,14
5560,50340,42,23,16,14
5580,10340,42,23,16,14
5660,30340,42,23,16,14
5680,50340,42,23,16,14
5700,10340,42,23,16,14
5745,30140,00,30,23,23
5765,50140,00,30,23,23
5785,30140,00,30,23,23
5805,50140,00,30,23,23
5825,10140,00,30,23,23
country:841
5180,1b30140,00,25,16,7
5200,1d50140,00,25,16,7
5220,1b30140,00,25,16,7
5240,1d50140,00,25,16,7
5260,1b30340,1142,24,16,14
5280,1d50340,1142,24,16,14
5300,1b30340,1142,24,16,14
5320,1d50340,1142,24,16,14
5500,5b30340,1242,24,14,14
5520,5d50340,1242,24,14,14
5540,5b30340,1242,24,14,14
5560,5d50340,1242,24,14,14
5580,5b30340,1242,24,14,14
5600,5d50340,1642,24,14,14
5620,5b30340,1642,24,14,14
5640,5d50340,1642,24,14,14
5660,4b30340,1242,24,14,14
5680,4d50340,1242,24,14,14
5700,4b30340,1242,24,14,14
5720,4d50340,1242,24,14,14
5745,b30140,00,25,23,23
5765,d50140,00,25,23,23
5785,b30140,00,25,23,23
5805,d50140,00,25,23,23
5825,110140,00,25,23,23
country:842
4942,8340,40,27,20,20
4945,4340,40,30,20,20
4947,8340,40,27,20,20
4950,4340,40,30,20,20
4952,8340,40,27,20,20
4955,4340,40,30,20,20
4957,8340,40,27,20,20
4960,4340,40,30,20,20
4962,8340,40,27,20,20
4965,4340,40,30,20,20
4967,8340,40,27,20,20
4970,4340,40,30,20,20
4972,8340,40,27,20,20
4975,4340,40,30,20,20
4977,8340,40,27,20,20
4980,4340,40,30,20,20
4982,8340,40,27,20,20
4985,4340,40,30,20,20
4987,8340,40,27,20,20
country:858
5180,30140,00,17,10,7
5200,50140,00,17,10,7
5220,30140,00,17,10,7
5240,50140,00,17,10,7
5260,30340,42,24,17,14
5280,50340,42,24,17,14
5300,30340,42,24,17,14
5320,50340,42,24,17,14
5500,30340,42,24,17,14
5520,50340,42,24,17,14
5540,30340,42,24,17,14
5560,50340,42,24,17,14
5580,30340,42,24,17,14
5600,50340,42,24,17,14
5620,30340,42,24,17,14
5640,50340,42,24,17,14
5660,30340,42,24,17,14
5680,50340,42,24,17,14
5700,30340,42,24,17,14
5720,50340,42,24,17,17
5745,30140,00,30,23,23
5765,50140,00,30,23,23
5785,30140,00,30,23,23
5805,50140,00,30,23,23
5825,10140,00,30,23,23
country:860
5180,30140,00,17,10,7
5200,50140,00,17,10,7
5220,30140,00,17,10,7
5240,50140,00,17,10,7
5260,30340,42,24,17,14
5280,50340,42,24,17,14
5300,30340,42,24,17,14
5320,50340,42,24,17,14
5500,30340,42,24,17,14
5520,50340,42,24,17,14
5540,30340,42,24,17,14
5560,50340,42,24,17,14
5580,30340,42,24,17,14
5600,50340,42,24,17,14
5620,30340,42,24,17,14
5640,50340,42,24,17,14
5660,30340,42,24,17,14
5680,50340,42,24,17,14
5700,30340,42,24,17,14
5720,50340,42,24,17,17
5745,30140,00,30,23,23
5765,50140,00,30,23,23
5785,30140,00,30,23,23
5805,50140,00,30,23,23
5825,10140,00,30,23,23
country:862
5180,30140,00,17,10,7
5200,50140,00,17,10,7
5220,30140,00,17,10,7
5240,50140,00,17,10,7
5260,30340,42,24,17,14
5280,50340,42,24,17,14
5300,30340,42,24,17,14
5320,50340,42,24,17,14
5500,30340,42,24,17,14
5520,50340,42,24,17,14
5540,30340,42,24,17,14
5560,50340,42,24,17,14
5580,30340,42,24,17,14
5600,50340,42,24,17,14
5620,30340,42,24,17,14
5640,50340,42,24,17,14
5660,30340,42,24,17,14
5680,50340,42,24,17,14
5700,30340,42,24,17,14
5720,50340,42,24,17,17
5745,30140,00,30,23,23
5765,50140,00,30,23,23
5785,30140,00,30,23,23
5805,50140,00,30,23,23
5825,10140,00,30,23,23
country:704
5180,30340,40,20,7,7
5200,50340,40,20,7,7
5220,30340,40,20,7,7
5240,50340,40,20,7,7
5260,30340,42,20,7,7
5280,50340,42,20,7,7
5300,30340,42,20,7,7
5320,50340,42,20,7,7
country:887, empty
country:716, empty
country:393
5180,10140,40,23,10,10
5200,10140,40,23,10,10
5220,10140,40,23,10,10
5240,10140,40,23,10,10
5260,10140,42,23,10,10
5280,10140,42,23,10,10
5300,10140,42,23,10,10
5320,10140,42,23,10,10
5500,10140,42,23,10,10
5520,10140,42,23,10,10
5540,10140,42,23,10,10
5560,10140,42,23,10,10
5580,10140,42,23,10,10
5600,10140,42,23,10,10
5620,10140,42,23,10,10
5640,10140,42,23,10,10
5660,10140,42,23,10,10
5680,10140,42,23,10,10
5700,10140,42,23,10,10
country:394
5180,10140,00,23,10,10
5200,10140,00,23,10,10
5220,10140,00,23,10,10
5240,10140,00,23,10,10
5260,10140,42,23,10,10
5280,10140,42,23,10,10
5300,10140,42,23,10,10
5320,10140,42,23,10,10
5500,10140,42,23,10,10
5520,10140,42,23,10,10
5540,10140,42,23,10,10
5560,10140,42,23,10,10
5580,10140,42,23,10,10
5600,10140,42,23,10,10
5620,10140,42,23,10,10
5640,10140,42,23,10,10
5660,10140,42,23,10,10
5680,10140,42,23,10,10
5700,10140,42,23,10,10
country:395
4920,4340,40,23,10,10
4925,4340,40,23,10,10
4935,4340,40,23,10,10
4940,4340,40,23,10,10
4945,4340,40,23,10,10
4960,340,40,23,10,10
4980,340,40,23,10,10
5035,4340,40,23,10,10
5040,4340,40,23,10,10
5055,4340,40,23,10,10
5060,340,40,23,10,10
5080,340,40,23,10,10
5180,10140,40,23,10,10
5200,10140,40,23,10,10
5220,10140,40,23,10,10
5240,10140,40,23,10,10
country:396
5180,10140,00,23,10,10
5200,10140,00,23,10,10
5220,10140,00,23,10,10
5240,10140,00,23,10,10
5260,10140,42,23,10,10
5280,10140,42,23,10,10
5300,10140,42,23,10,10
5320,10140,42,23,10,10
5500,10140,42,23,10,10
5520,10140,42,23,10,10
5540,10140,42,23,10,10
5560,10140,42,23,10,10
5580,10140,42,23,10,10
5600,10140,42,23,10,10
5620,10140,42,23,10,10
5640,10140,42,23,10,10
5660,10140,42,23,10,10
5680,10140,42,23,10,10
5700,10140,42,23,10,10
country:397
5180,10140,00,23,10,10
5200,10140,00,23,10,10
5220,10140,00,23,10,10
5240,10140,00,23,10,10
5260,10140,42,23,10,10
5280,10140,42,23,10,10
5300,10140,42,23,10,10
5320,10140,42,23,10,10
5500,10140,42,23,10,10
5520,10140,42,23,10,10
5540,10140,42,23,10,10
5560,10140,42,23,10,10
5580,10140,42,23,10,10
5600,10140,42,23,10,10
5620,10140,42,23,10,10
5640,10140,42,23,10,10
5660,10140,42,23,10,10
5680,10140,42,23,10,10
5700,10140,42,23,10,10
country:4006
5180,10140,00,23,10,10
5200,10140,00,23,10,10
5220,10140,00,23,10,10
5240,10140,00,23,10,10
5260,10140,42,23,10,10
5280,10140,42,23,10,10
5300,10140,42,23,10,10
5320,10140,42,23,10,10
5500,10140,42,23,10,10
5520,10140,42,23,10,10
5540,10140,42,23,10,10
5560,10140,42,23,10,10
5580,10140,42,23,10,10
5600,10140,42,23,10,10
5620,10140,42,23,10,10
5640,10140,42,23,10,10
5660,10140,42,23,10,10
5680,10140,42,23,10,10
5700,10140,42,23,10,10
country:4007
5180,30140,40,20,7,7
5200,50140,40,20,7,7
5220,30140,40,20,7,7
5240,50140,40,20,7,7
country:4008
5180,30140,00,20,7,7
5200,50140,00,20,7,7
5220,30140,00,20,7,7
5240,50140,00,20,7,7
country:4009
5180,30140,00,20,7,7
5200,50140,00,20,7,7
5220,30140,00,20,7,7
5240,50140,00,20,7,7
country:4010
5180,30140,40,20,7,7
5200,50140,40,20,7,7
5220,30140,40,20,7,7
5240,50140,40,20,7,7
5260,30340,42,20,7,7
5280,50340,42,20,7,7
5300,30340,42,20,7,7
5320,50340,42,20,7,7
country:4011
5180,30140,00,20,7,7
5200,50140,00,20,7,7
5220,30140,00,20,7,7
5240,50140,00,20,7,7
5260,30340,42,20,7,7
5280,50340,42,20,7,7
5300,30340,42,20,7,7
5320,50340,42,20,7,7
country:4012
5180,30140,00,20,7,7
5200,50140,00,20,7,7
5220,30140,00,20,7,7
5240,50140,00,20,7,7
5260,30340,42,20,7,7
5280,50340,42,20,7,7
5300,30340,42,20,7,7
5320,50340,42,20,7,7
country:4013
5180,30140,40,20,7,7
5200,50140,40,20,7,7
5220,30140,40,20,7,7
5240,50140,40,20,7,7
5260,30340,42,20,7,7
5280,50340,42,20,7,7
5300,30340,42,20,7,7
5320,50340,42,20,7,7
5500,30340,42,20,7,7
5520,50340,42,20,7,7
5540,30340,42,20,7,7
5560,50340,42,20,7,7
5580,30340,42,20,7,7
5600,50340,42,20,7,7
5620,30340,42,20,7,7
5640,50340,42,20,7,7
5660,30340,42,20,7,7
5680,50340,42,20,7,7
5700,10340,42,20,7,7
country:4014
5180,30140,00,20,7,7
5200,50140,00,20,7,7
5220,30140,00,20,7,7
5240,50140,00,20,7,7
5260,30340,42,20,7,7
5280,50340,42,20,7,7
5300,30340,42,20,7,7
5320,50340,42,20,7,7
5500,30340,42,20,7,7
5520,50340,42,20,7,7
5540,30340,42,20,7,7
5560,50340,42,20,7,7
5580,30340,42,20,7,7
5600,50340,42,20,7,7
5620,30340,42,20,7,7
5640,50340,42,20,7,7
5660,30340,42,20,7,7
5680,50340,42,20,7,7
5700,10340,42,20,7,7
country:4015
5180,30140,00,20,7,7
5200,50140,00,20,7,7
5220,30140,00,20,7,7
5240,50140,00,20,7,7
5260,30340,42,20,7,7
5280,50340,42,20,7,7
5300,30340,42,20,7,7
5320,50340,42,20,7,7
5500,30340,42,20,7,7
5520,50340,42,20,7,7
5540,30340,42,20,7,7
5560,50340,42,20,7,7
5580,30340,42,20,7,7
5600,50340,42,20,7,7
5620,30340,42,20,7,7
5640,50340,42,20,7,7
5660,30340,42,20,7,7
5680,50340,42,20,7,7
5700,10340,42,20,7,7
country:4016
5170,340,40,20,7,7
5180,30140,00,20,7,7
5190,340,40,20,7,7
5200,50140,00,20,7,7
5210,340,40,20,7,7
5220,30140,00,20,7,7
5230,340,40,20,7,7
5240,50140,00,20,7,7
country:4017
5170,340,40,20,7,7
5180,30140,00,20,7,7
5190,340,40,20,7,7
5200,50140,00,20,7,7
5210,340,40,20,7,7
5220,30140,00,20,7,7
5230,340,40,20,7,7
5240,50140,00,20,7,7
country:4018
5170,340,40,20,7,7
5180,30140,00,20,7,7
5190,340,40,20,7,7
5200,50140,00,20,7,7
5210,340,40,20,7,7
5220,30140,00,20,7,7
5230,340,40,20,7,7
5240,50140,00,20,7,7
country:4019
5170,340,40,20,7,7
5180,30140,00,20,7,7
5190,340,40,20,7,7
5200,50140,00,20,7,7
5210,340,40,20,7,7
5220,30140,00,20,7,7
5230,340,40,20,7,7
5240,50140,00,20,7,7
5260,30340,42,20,7,7
5280,50340,42,20,7,7
5300,30340,42,20,7,7
5320,50340,42,20,7,7
country:4020
5170,340,40,20,7,7
5180,30140,00,20,7,7
5190,340,40,20,7,7
5200,50140,00,20,7,7
5210,340,40,20,7,7
5220,30140,00,20,7,7
5230,340,40,20,7,7
5240,50140,00,20,7,7
5260,30340,42,20,7,7
5280,50340,42,20,7,7
5300,30340,42,20,7,7
5320,50340,42,20,7,7
country:4021
5170,340,40,20,7,7
5180,30140,00,20,7,7
5190,340,40,20,7,7
5200,50140,00,20,7,7
5210,340,40,20,7,7
5220,30140,00,20,7,7
5230,340,40,20,7,7
5240,50140,00,20,7,7
5260,30340,42,20,7,7
5280,50340,42,20,7,7
5300,30340,42,20,7,7
5320,50340,42,20,7,7
country:4022
5170,340,40,20,7,7
5180,30140,00,20,7,7
5190,340,40,20,7,7
5200,50140,00,20,7,7
5210,340,40,20,7,7
5220,30140,00,20,7,7
5230,340,40,20,7,7
5240,50140,00,20,7,7
5260,30340,42,20,7,7
5280,50340,42,20,7,7
5300,30340,42,20,7,7
5320,50340,42,20,7,7
5500,30340,42,20,7,7
5520,50340,42,20,7,7
5540,30340,42,20,7,7
5560,50340,42,20,7,7
5580,30340,42,20,7,7
5600,50340,42,20,7,7
5620,30340,42,20,7,7
5640,50340,42,20,7,7
5660,30340,42,20,7,7
5680,50340,42,20,7,7
5700,10340,42,20,7,7
country:4023
5170,340,40,20,7,7
5180,30140,00,20,7,7
5190,340,40,20,7,7
5200,50140,00,20,7,7
5210,340,40,20,7,7
5220,30140,00,20,7,7
5230,340,40,20,7,7
5240,50140,00,20,7,7
5260,30340,42,20,7,7
5280,50340,42,20,7,7
5300,30340,42,20,7,7
5320,50340,42,20,7,7
5500,30340,42,20,7,7
5520,50340,42,20,7,7
5540,30340,42,20,7,7
5560,50340,42,20,7,7
5580,30340,42,20,7,7
5600,50340,42,20,7,7
5620,30340,42,20,7,7
5640,50340,42,20,7,7
5660,30340,42,20,7,7
5680,50340,42,20,7,7
5700,10340,42,20,7,7
country:4024
5170,340,40,20,7,7
5180,30140,00,20,7,7
5190,340,40,20,7,7
5200,50140,00,20,7,7
5210,340,40,20,7,7
5220,30140,00,20,7,7
5230,340,40,20,7,7
5240,50140,00,20,7,7
5260,30340,42,20,7,7
5280,50340,42,20,7,7
5300,30340,42,20,7,7
5320,50340,42,20,7,7
5500,30340,42,20,7,7
5520,50340,42,20,7,7
5540,30340,42,20,7,7
5560,50340,42,20,7,7
5580,30340,42,20,7,7
5600,50340,42,20,7,7
5620,30340,42,20,7,7
5640,50340,42,20,7,7
5660,30340,42,20,7,7
5680,50340,42,20,7,7
5700,10340,42,20,7,7
country:4025
5180,30140,00,20,7,7
5200,50140,00,20,7,7
5220,30140,00,20,7,7
5240,50140,00,20,7,7
country:4026
5180,30140,00,20,7,7
5200,50140,00,20,7,7
5220,30140,00,20,7,7
5240,50140,00,20,7,7
country:4027
5180,30140,00,20,7,7
5200,50140,00,20,7,7
5220,30140,00,20,7,7
5240,50140,00,20,7,7
country:4028
5180,30140,00,20,7,7
5200,50140,00,20,7,7
5220,30140,00,20,7,7
5240,50140,00,20,7,7
5260,30340,42,20,7,7
5280,50340,42,20,7,7
5300,30340,42,20,7,7
5320,50340,42,20,7,7
country:4029
5180,30140,00,20,7,7
5200,50140,00,20,7,7
5220,30140,00,20,7,7
5240,50140,00,20,7,7
5260,30340,42,20,7,7
5280,50340,42,20,7,7
5300,30340,42,20,7,7
5320,50340,42,20,7,7
country:4030
5170,340,40,20,7,7
5180,30140,00,20,7,7
5190,340,40,20,7,7
5200,50140,00,20,7,7
5210,340,40,20,7,7
5220,30140,00,20,7,7
5230,340,40,20,7,7
5240,50140,00,20,7,7
country:4031
5170,340,40,20,7,7
5180,30140,00,20,7,7
5190,340,40,20,7,7
5200,50140,00,20,7,7
5210,340,40,20,7,7
5220,30140,00,20,7,7
5230,340,40,20,7,7
5240,50140,00,20,7,7
country:4032
5170,340,40,20,7,7
5180,30140,00,20,7,7
5190,340,40,20,7,7
5200,50140,00,20,7,7
5210,340,40,20,7,7
5220,30140,00,20,7,7
5230,340,40,20,7,7
5240,50140,00,20,7,7
5260,30340,42,20,7,7
5280,50340,42,20,7,7
5300,30340,42,20,7,7
5320,50340,42,20,7,7
country:4033
5170,340,40,20,7,7
5180,30140,00,20,7,7
5190,340,40,20,7,7
5200,50140,00,20,7,7
5210,340,40,20,7,7
5220,30140,00,20,7,7
5230,340,40,20,7,7
5240,50140,00,20,7,7
5260,30340,42,20,7,7
5280,50340,42,20,7,7
5300,30340,42,20,7,7
5320,50340,42,20,7,7
country:4034
4920,4140,40,20,7,7
4925,4140,40,20,7,7
4935,4140,40,20,7,7
4940,4140,40,20,7,7
4945,4140,40,20,7,7
4960,140,40,20,7,7
4980,140,40,20,7,7
5040,4140,40,20,7,7
5055,4140,40,20,7,7
5060,140,40,20,7,7
5080,140,40,20,7,7
5180,30140,40,20,7,7
5200,50140,40,20,7,7
5220,30140,40,20,7,7
5240,50140,40,20,7,7
country:4035
4920,4140,40,20,7,7
4925,4140,40,20,7,7
4935,4140,40,20,7,7
4940,4140,40,20,7,7
4945,4140,40,20,7,7
4960,140,40,20,7,7
4980,140,40,20,7,7
5040,4140,40,20,7,7
5055,4140,40,20,7,7
5060,140,40,20,7,7
5080,140,40,20,7,7
5180,30140,40,20,7,7
5200,50140,40,20,7,7
5220,30140,40,20,7,7
5240,50140,40,20,7,7
5260,30340,42,20,7,7
5280,50340,42,20,7,7
5300,30340,42,20,7,7
5320,50340,42,20,7,7
country:4036
5180,30140,00,20,7,7
5200,50140,00,20,7,7
5220,30140,00,20,7,7
5240,50140,00,20,7,7
5260,30340,42,20,7,7
5280,50340,42,20,7,7
5300,30340,42,20,7,7
5320,50340,42,20,7,7
country:4037
4920,4140,00,20,7,7
4925,4140,00,20,7,7
4935,4140,00,20,7,7
4940,4140,00,20,7,7
4945,4140,00,20,7,7
4960,140,00,20,7,7
4980,140,00,20,7,7
5040,4140,00,20,7,7
5055,4140,00,20,7,7
5060,140,00,20,7,7
5080,140,00,20,7,7
5180,30140,00,20,7,7
5200,50140,00,20,7,7
5220,30140,00,20,7,7
5240,50140,00,20,7,7
country:4038
4920,4140,00,20,7,7
4925,4140,00,20,7,7
4935,4140,00,20,7,7
4940,4140,00,20,7,7
4945,4140,00,20,7,7
4960,140,00,20,7,7
4980,140,00,20,7,7
5040,4140,00,20,7,7
5055,4140,00,20,7,7
5060,140,00,20,7,7
5080,140,00,20,7,7
5180,30140,00,20,7,7
5200,50140,00,20,7,7
5220,30140,00,20,7,7
5240,50140,00,20,7,7
country:4039
4920,4140,00,20,7,7
4925,4140,00,20,7,7
4935,4140,00,20,7,7
4940,4140,00,20,7,7
4945,4140,00,20,7,7
4960,140,00,20,7,7
4980,140,00,20,7,7
5040,4140,00,20,7,7
5055,4140,00,20,7,7
5060,140,00,20,7,7
5080,140,00,20,7,7
5180,30140,00,20,7,7
5200,50140,00,20,7,7
5220,30140,00,20,7,7
5240,50140,00,20,7,7
country:4040
4920,4140,00,20,7,7
4925,4140,00,20,7,7
4935,4140,00,20,7,7
4940,4140,00,20,7,7
4945,4140,00,20,7,7
4960,140,00,20,7,7
4980,140,00,20,7,7
5040,4140,00,20,7,7
5055,4140,00,20,7,7
5060,140,00,20,7,7
5080,140,00,20,7,7
5180,30140,00,20,7,7
5200,50140,00,20,7,7
5220,30140,00,20,7,7
5240,50140,00,20,7,7
country:4041
4920,4140,00,20,7,7
4925,4140,00,20,7,7
4935,4140,00,20,7,7
4940,4140,00,20,7,7
4945,4140,00,20,7,7
4960,140,00,20,7,7
4980,140,00,20,7,7
5040,4140,00,20,7,7
5055,4140,00,20,7,7
5060,140,00,20,7,7
5080,140,00,20,7,7
5180,30140,00,20,7,7
5200,50140,00,20,7,7
5220,30140,00,20,7,7
5240,50140,00,20,7,7
5260,30340,42,20,7,7
5280,50340,42,20,7,7
5300,30340,42,20,7,7
5320,50340,42,20,7,7
country:4042
4920,4140,00,20,7,7
4925,4140,00,20,7,7
4935,4140,00,20,7,7
4940,4140,00,20,7,7
4945,4140,00,20,7,7
4960,140,00,20,7,7
4980,140,00,20,7,7
5040,4140,00,20,7,7
5055,4140,00,20,7,7
5060,140,00,20,7,7
5080,140,00,20,7,7
5180,30140,00,20,7,7
5200,50140,00,20,7,7
5220,30140,00,20,7,7
5240,50140,00,20,7,7
5260,30340,42,20,7,7
5280,50340,42,20,7,7
5300,30340,42,20,7,7
5320,50340,42,20,7,7
country:4043
4920,4140,00,20,7,7
4925,4140,00,20,7,7
4935,4140,00,20,7,7
4940,4140,00,20,7,7
4945,4140,00,20,7,7
4960,140,00,20,7,7
4980,140,00,20,7,7
5040,4140,00,20,7,7
5055,4140,00,20,7,7
5060,140,00,20,7,7
5080,140,00,20,7,7
5180,30140,00,20,7,7
5200,50140,00,20,7,7
5220,30140,00,20,7,7
5240,50140,00,20,7,7
5260,30340,42,20,7,7
5280,50340,42,20,7,7
5300,30340,42,20,7,7
5320,50340,42,20,7,7
country:4044
4920,4140,00,20,7,7
4925,4140,00,20,7,7
4935,4140,00,20,7,7
4940,4140,00,20,7,7
4945,4140,00,20,7,7
4960,140,00,20,7,7
4980,140,00,20,7,7
5040,4140,00,20,7,7
5055,4140,00,20,7,7
5060,140,00,20,7,7
5080,140,00,20,7,7
5180,30140,00,20,7,7
5200,50140,00,20,7,7
5220,30140,00,20,7,7
5240,50140,00,20,7,7
5260,30340,42,20,7,7
5280,50340,42,20,7,7
5300,30340,42,20,7,7
5320,50340,42,20,7,7
country:4045
4920,4140,00,20,7,7
4925,4140,00,20,7,7
4935,4140,00,20,7,7
4940,4140,00,20,7,7
4945,4140,00,20,7,7
4960,140,00,20,7,7
4980,140,00,20,7,7
5040,4140,00,20,7,7
5055,4140,00,20,7,7
5060,140,00,20,7,7
5080,140,00,20,7,7
5180,30140,00,20,7,7
5200,50140,00,20,7,7
5220,30140,00,20,7,7
5240,50140,00,20,7,7
5260,30340,42,20,7,7
5280,50340,42,20,7,7
5300,30340,42,20,7,7
5320,50340,42,20,7,7
5500,30340,42,20,7,7
5520,50340,42,20,7,7
5540,30340,42,20,7,7
5560,50340,42,20,7,7
5580,30340,42,20,7,7
5600,50340,42,20,7,7
5620,30340,42,20,7,7
5640,50340,42,20,7,7
5660,30340,42,20,7,7
5680,50340,42,20,7,7
5700,10340,42,20,7,7
country:4046
4920,4140,00,20,7,7
4925,4140,00,20,7,7
4935,4140,00,20,7,7
4940,4140,00,20,7,7
4945,4140,00,20,7,7
4960,140,00,20,7,7
4980,140,00,20,7,7
5040,4140,00,20,7,7
5055,4140,00,20,7,7
5060,140,00,20,7,7
5080,140,00,20,7,7
5180,30140,00,20,7,7
5200,50140,00,20,7,7
5220,30140,00,20,7,7
5240,50140,00,20,7,7
5260,30340,42,20,7,7
5280,50340,42,20,7,7
5300,30340,42,20,7,7
5320,50340,42,20,7,7
5500,30340,42,20,7,7
5520,50340,42,20,7,7
5540,30340,42,20,7,7
5560,50340,42,20,7,7
5580,30340,42,20,7,7
5600,50340,42,20,7,7
5620,30340,42,20,7,7
5640,50340,42,20,7,7
5660,30340,42,20,7,7
5680,50340,42,20,7,7
5700,10340,42,20,7,7
country:4047
4920,4140,00,20,7,7
4925,4140,00,20,7,7
4935,4140,00,20,7,7
4940,4140,00,20,7,7
4945,4140,00,20,7,7
4960,140,00,20,7,7
4980,140,00,20,7,7
5040,4140,00,20,7,7
5055,4140,00,20,7,7
5060,140,00,20,7,7
5080,140,00,20,7,7
5180,30140,00,20,7,7
5200,50140,00,20,7,7
5220,30140,00,20,7,7
5240,50140,00,20,7,7
5260,30340,42,20,7,7
5280,50340,42,20,7,7
5300,30340,42,20,7,7
5320,50340,42,20,7,7
5500,30340,42,20,7,7
5520,50340,42,20,7,7
5540,30340,42,20,7,7
5560,50340,42,20,7,7
5580,30340,42,20,7,7
5600,50340,42,20,7,7
5620,30340,42,20,7,7
5640,50340,42,20,7,7
5660,30340,42,20,7,7
5680,50340,42,20,7,7
5700,10340,42,20,7,7
country:4048
4920,4140,00,20,7,7
4925,4140,00,20,7,7
4935,4140,00,20,7,7
4940,4140,00,20,7,7
4945,4140,00,20,7,7
4960,140,00,20,7,7
4980,140,00,20,7,7
5040,4140,00,20,7,7
5055,4140,00,20,7,7
5060,140,00,20,7,7
5080,140,00,20,7,7
5180,30140,00,20,7,7
5200,50140,00,20,7,7
5220,30140,00,20,7,7
5240,50140,00,20,7,7
5260,30340,42,20,7,7
5280,50340,42,20,7,7
5300,30340,42,20,7,7
5320,50340,42,20,7,7
5500,30340,42,20,7,7
5520,50340,42,20,7,7
5540,30340,42,20,7,7
5560,50340,42,20,7,7
5580,30340,42,20,7,7
5600,50340,42,20,7,7
5620,30340,42,20,7,7
5640,50340,42,20,7,7
5660,30340,42,20,7,7
5680,50340,42,20,7,7
5700,10340,42,20,7,7
country:4049
4920,4140,00,20,7,7
4925,4140,00,20,7,7
4935,4140,00,20,7,7
4940,4140,00,20,7,7
4945,4140,00,20,7,7
4960,140,00,20,7,7
4980,140,00,20,7,7
5040,4140,00,20,7,7
5055,4140,00,20,7,7
5060,140,00,20,7,7
5080,140,00,20,7,7
5180,30140,00,20,7,7
5200,50140,00,20,7,7
5220,30140,00,20,7,7
5240,50140,00,20,7,7
5260,30340,42,20,7,7
5280,50340,42,20,7,7
5300,30340,42,20,7,7
5320,50340,42,20,7,7
5500,30340,42,20,7,7
5520,50340,42,20,7,7
5540,30340,42,20,7,7
5560,50340,42,20,7,7
5580,30340,42,20,7,7
5600,50340,42,20,7,7
5620,30340,42,20,7,7
5640,50340,42,20,7,7
5660,30340,42,20,7,7
5680,50340,42,20,7,7
5700,10340,42,20,7,7
country:4050
4920,4140,00,20,7,7
4925,4140,00,20,7,7
4935,4140,00,20,7,7
4940,4140,00,20,7,7
4945,4140,00,20,7,7
4960,140,00,20,7,7
4980,140,00,20,7,7
5040,4140,00,20,7,7
5055,4140,00,20,7,7
5060,140,00,20,7,7
5080,140,00,20,7,7
5170,340,40,20,7,7
5180,30140,00,20,7,7
5190,340,40,20,7,7
5200,50140,00,20,7,7
5210,340,40,20,7,7
5220,30140,00,20,7,7
5230,340,40,20,7,7
5240,50140,00,20,7,7
5260,30340,42,20,7,7
5280,50340,42,20,7,7
5300,30340,42,20,7,7
5320,50340,42,20,7,7
5500,30340,42,20,7,7
5520,50340,42,20,7,7
5540,30340,42,20,7,7
5560,50340,42,20,7,7
5580,30340,42,20,7,7
5600,50340,42,20,7,7
5620,30340,42,20,7,7
5640,50340,42,20,7,7
5660,30340,42,20,7,7
5680,50340,42,20,7,7
5700,10340,42,20,7,7
country:4051
4920,4140,00,20,7,7
4925,4140,00,20,7,7
4935,4140,00,20,7,7
4940,4140,00,20,7,7
4945,4140,00,20,7,7
4960,140,00,20,7,7
4980,140,00,20,7,7
5040,4140,00,20,7,7
5055,4140,00,20,7,7
5060,140,00,20,7,7
5080,140,00,20,7,7
5170,340,40,20,7,7
5180,30140,00,20,7,7
5190,340,40,20,7,7
5200,50140,00,20,7,7
5210,340,40,20,7,7
5220,30140,00,20,7,7
5230,340,40,20,7,7
5240,50140,00,20,7,7
5260,30340,42,20,7,7
5280,50340,42,20,7,7
5300,30340,42,20,7,7
5320,50340,42,20,7,7
5500,30340,42,20,7,7
5520,50340,42,20,7,7
5540,30340,42,20,7,7
5560,50340,42,20,7,7
5580,30340,42,20,7,7
5600,50340,42,20,7,7
5620,30340,42,20,7,7
5640,50340,42,20,7,7
5660,30340,42,20,7,7
5680,50340,42,20,7,7
5700,10340,42,20,7,7
country:4052
4920,4140,00,20,7,7
4925,4140,00,20,7,7
4935,4140,00,20,7,7
4940,4140,00,20,7,7
4945,4140,00,20,7,7
4960,140,00,20,7,7
4980,140,00,20,7,7
5040,4140,00,20,7,7
5055,4140,00,20,7,7
5060,140,00,20,7,7
5080,140,00,20,7,7
5170,340,40,20,7,7
5180,30140,00,20,7,7
5190,340,40,20,7,7
5200,50140,00,20,7,7
5210,340,40,20,7,7
5220,30140,00,20,7,7
5230,340,40,20,7,7
5240,50140,00,20,7,7
5260,30340,42,20,7,7
5280,50340,42,20,7,7
5300,30340,42,20,7,7
5320,50340,42,20,7,7
5500,30340,42,20,7,7
5520,50340,42,20,7,7
5540,30340,42,20,7,7
5560,50340,42,20,7,7
5580,30340,42,20,7,7
5600,50340,42,20,7,7
5620,30340,42,20,7,7
5640,50340,42,20,7,7
5660,30340,42,20,7,7
5680,50340,42,20,7,7
5700,10340,42,20,7,7
country:4053
4920,4140,00,20,7,7
4925,4140,00,20,7,7
4935,4140,00,20,7,7
4940,4140,00,20,7,7
4945,4140,00,20,7,7
4960,140,00,20,7,7
4980,140,00,20,7,7
5040,4140,00,20,7,7
5055,4140,00,20,7,7
5060,140,00,20,7,7
5080,140,00,20,7,7
5170,340,40,20,7,7
5180,30140,00,20,7,7
5190,340,40,20,7,7
5200,50140,00,20,7,7
5210,340,40,20,7,7
5220,30140,00,20,7,7
5230,340,40,20,7,7
5240,50140,00,20,7,7
5260,30340,42,20,7,7
5280,50340,42,20,7,7
5300,30340,42,20,7,7
5320,50340,42,20,7,7
5500,30340,42,20,7,7
5520,50340,42,20,7,7
5540,30340,42,20,7,7
5560,50340,42,20,7,7
5580,30340,42,20,7,7
5600,50340,42,20,7,7
5620,30340,42,20,7,7
5640,50340,42,20,7,7
5660,30340,42,20,7,7
5680,50340,42,20,7,7
5700,10340,42,20,7,7
country:4054
4920,4140,00,20,7,7
4925,4140,00,20,7,7
4935,4140,00,20,7,7
4940,4140,00,20,7,7
4945,4140,00,20,7,7
4960,140,00,20,7,7
4980,140,00,20,7,7
5040,4140,00,20,7,7
5055,4140,00,20,7,7
5060,140,00,20,7,7
5080,140,00,20,7,7
5170,340,40,20,7,7
5180,30140,00,20,7,7
5190,340,40,20,7,7
5200,50140,00,20,7,7
5210,340,40,20,7,7
5220,30140,00,20,7,7
5230,340,40,20,7,7
5240,50140,00,20,7,7
5260,30340,42,20,7,7
5280,50340,42,20,7,7
5300,30340,42,20,7,7
5320,50340,42,20,7,7
5500,30340,42,20,7,7
5520,50340,42,20,7,7
5540,30340,42,20,7,7
5560,50340,42,20,7,7
5580,30340,42,20,7,7
5600,50340,42,20,7,7
5620,30340,42,20,7,7
5640,50340,42,20,7,7
5660,30340,42,20,7,7
5680,50340,42,20,7,7
5700,10340,42,20,7,7
country:4055, empty
country:4056, empty
country:4057
5170,340,40,20,7,7
5180,30340,40,20,7,7
5190,340,40,20,7,7
5200,50340,40,20,7,7
5210,340,40,20,7,7
5220,30340,40,20,7,7
5230,340,40,20,7,7
5240,50340,40,20,7,7
5260,30340,42,20,7,7
5280,50340,42,20,7,7
5300,30340,42,20,7,7
5320,50340,42,20,7,7
5500,30340,42,20,7,7
5520,50340,42,20,7,7
5540,30340,42,20,7,7
5560,50340,42,20,7,7
5580,30340,42,20,7,7
5600,50340,42,20,7,7
5620,30340,42,20,7,7
5640,50340,42,20,7,7
5660,30340,42,20,7,7
5680,50340,42,20,7,7
5700,10340,42,20,7,7
country:4058
4920,4140,00,20,7,7
4925,4140,00,20,7,7
4935,4140,00,20,7,7
4940,4140,00,20,7,7
4945,4140,00,20,7,7
4960,140,00,20,7,7
4980,140,00,20,7,7
5040,4140,00,20,7,7
5055,4140,00,20,7,7
5060,140,00,20,7,7
5080,140,00,20,7,7
5170,340,40,20,7,7
5180,30140,00,20,7,7
5190,340,40,20,7,7
5200,50140,00,20,7,7
5210,340,40,20,7,7
5220,30140,00,20,7,7
5230,340,40,20,7,7
5240,50140,00,20,7,7
country:4059
4920,4140,00,20,7,7
4925,4140,00,20,7,7
4935,4140,00,20,7,7
4940,4140,00,20,7,7
4945,4140,00,20,7,7
4960,140,00,20,7,7
4980,140,00,20,7,7
5040,4140,00,20,7,7
5055,4140,00,20,7,7
5060,140,00,20,7,7
5080,140,00,20,7,7
5170,340,40,20,7,7
5180,30140,00,20,7,7
5190,340,40,20,7,7
5200,50140,00,20,7,7
5210,340,40,20,7,7
5220,30140,00,20,7,7
5230,340,40,20,7,7
5240,50140,00,20,7,7
5260,30340,42,20,7,7
5280,50340,42,20,7,7
5300,30340,42,20,7,7
5320,50340,42,20,7,7
country:5000
5180,30140,00,23,16,7
5200,50140,00,23,16,7
5220,30140,00,23,16,7
5240,50140,00,23,16,7
5260,30340,42,23,16,14
5280,50340,42,23,16,14
5300,30340,42,23,16,14
5320,50340,42,23,16,14
5500,30340,42,23,16,14
5520,50340,42,23,16,14
5540,30340,42,23,16,14
5560,50340,42,23,16,14
5580,10340,42,23,16,14
5660,30340,42,23,16,14
5680,50340,42,23,16,14
5700,10340,42,23,16,14
5745,30140,00,30,23,23
5765,50140,00,30,23,23
5785,30140,00,30,23,23
5805,50140,00,30,23,23
5825,10140,00,30,23,23
country:5001
5745,30140,00,30,23,23
5765,50140,00,30,23,23
5785,30140,00,30,23,23
5805,50140,00,30,23,23
5825,10140,00,30,23,23
country:5002
5180,30340,40,18,5,5
5200,50340,40,18,5,5
5220,30340,40,18,5,5
5240,50340,40,18,5,5
5260,30340,42,18,5,5
5280,50340,42,18,5,5
5300,30340,42,18,5,5
5320,50340,42,18,5,5
